60.11
33.5
82.75
43.55
100.02
126.77
52.5
68.76
106.36
90.77
80.77
69.28
64.92
46.19
58.25
119.19
123.2
59.11
120.79
45.96
66.64
41.63
58.02
46.13
58.28
75.05
40.44
55.49
58.29
72.84
58.89
41.56
76.76
68.34
52.49
43.57
118.77
78.1
41.62
56.49
106.86
88.98
57.05
87.74
48.37
63.04
76.69
111.77
47.81
52.92
121.12
28.39
38.45
93.75
136.65
111.78
119.23
137.19
69.67
49.17
66.51
71.08
91.2
89.95
91.21
87.39
74.75
75.29
60.21
55.12
56.01
108.55
139.24
147.17
92.63
124.46
99.95
69.13
66.2
46.44
63.54
78.39
117.63
133.6
62.09
70.85
72.43
101.48
56.22
54.49
50.32
92.98
98.3
109.87
44.75
56.17
65.51
75.77
60.57
40.71
45.39
113.58
83.15
49.75
123.06
59.3
49.38
55.53
84.64
85.74
127.04
61.92
99.58
182.98
106.2
134.2
163.11
112.35
61.1
109
115.01
135.33
112.01
164.96
40.17
163.9
212.34
151.14
155.1
149.54
72.68
138.12
38.31
36.17
90.64
100.63
291.55
235.76
65.43
168.79
158.65
170.1
189.45
89.62
147.46
35.13
131.67
86.29
158.84
91.94
83.52
143.16
30.38
89.64
94.89
86.01
51.41
47.89
58.63
52.26
108.72
129.4
111.75
69.78
61.68
115.14
103.9
73.23
95.53
91.47
145.07
53.33
76.02
100.48
118.03
94.08
75.93
223.85
127.66
116.99
61.44
47.55
149.21
110.26
53.33
60.07
64.35
45.76
76.44
106.08
51.35
42.74
65.8
46.86
60.15
109.85
108.12
69.18
47.91
86.23
