['quadthermo_agent', 20.94567153945476, 2.569079697384511, [[330, 410, 18.793311433242888, 1.5], [970, 1380, 18.793311433242888, 1.5]], 2.5, 6.0, 80.0, 0.2]
['quadthermo_agent', 21.980946161809637, 2.8539647688337846, [[390, 550, 20.480946161809637, 1.5], [620, 710, 20.480946161809637, 1.5], [730, 870, 20.480946161809637, 1.5], [920, 1440, 20.480946161809637, 1.5]], 2.5, 6.0, 80.0, 0.2]
['quadthermo_agent', 20.36530456697805, 2.8616327620292394, [[0, 40, 18.691572711028936, 1.5], [390, 510, 18.691572711028936, 1.5], [660, 750, 18.691572711028936, 1.5], [1070, 1380, 18.691572711028936, 1.5]], 2.5, 6.0, 80.0, 0.2]
['quadthermo_agent', 19.91064791113885, 4.676758914968851, [[0, 40, 15.906362566358748, 1.5], [380, 600, 15.906362566358748, 1.5], [750, 810, 15.906362566358748, 1.5], [830, 950, 15.906362566358748, 1.5], [960, 1310, 15.906362566358748, 1.5]], 2.5, 6.0, 80.0, 0.2]
['quadthermo_agent', 20.704414889392407, 3.176087453951443, [[420, 1360, 19.204414889392407, 1.5]], 2.5, 6.0, 80.0, 0.2]
['quadthermo_agent', 22.942468479770444, 3.4911479846162856, [[520, 830, 21.442468479770444, 1.5]], 2.5, 6.0, 80.0, 0.2]
['quadthermo_agent', 21.72231937918212, 6.14823084397118, [[0, 30, 20.22231937918212, 1.5], [410, 600, 20.22231937918212, 1.5], [730, 1440, 20.22231937918212, 1.5]], 2.5, 6.0, 80.0, 0.2]
['quadthermo_agent', 21.251202174438074, 3.2334687235044473, [[500, 910, 19.751202174438074, 1.5], [960, 1140, 19.751202174438074, 1.5], [1150, 1170, 19.751202174438074, 1.5], [1290, 1440, 19.751202174438074, 1.5]], 2.5, 6.0, 80.0, 0.2]
['quadthermo_agent', 22.048548743762687, 4.520247585847459, [[0, 20, 17.969726699669973, 1.5], [360, 510, 17.969726699669973, 1.5], [570, 600, 17.969726699669973, 1.5], [860, 890, 17.969726699669973, 1.5], [910, 1440, 17.969726699669973, 1.5]], 2.5, 6.0, 80.0, 0.2]
['quadthermo_agent', 22.812720430608227, 2.3238317049849755, [[350, 620, 21.312720430608227, 1.5], [720, 730, 21.312720430608227, 1.5], [750, 910, 21.312720430608227, 1.5], [930, 950, 21.312720430608227, 1.5], [1020, 1440, 21.312720430608227, 1.5]], 2.5, 6.0, 80.0, 0.2]
['quadthermo_agent', 20.824669864312767, 7.15681175248779, [[320, 350, 15.213032997815336, 1.5], [890, 1380, 15.213032997815336, 1.5]], 2.5, 6.0, 80.0, 0.2]
['quadthermo_agent', 20.09577323770576, 5.6665574658068545, [[340, 420, 17.842572954469993, 1.5], [480, 770, 17.842572954469993, 1.5], [930, 1390, 17.842572954469993, 1.5]], 2.5, 6.0, 80.0, 0.2]
['quadthermo_agent', 21.59281572507828, 6.779474727626878, [[290, 310, 15.237347951719583, 1.5], [830, 920, 15.237347951719583, 1.5], [930, 950, 15.237347951719583, 1.5], [1070, 1320, 15.237347951719583, 1.5]], 2.5, 6.0, 80.0, 0.2]
['quadthermo_agent', 22.552229592328377, 1.7174432572317688, [[390, 530, 19.635945316580145, 1.5], [550, 620, 19.635945316580145, 1.5], [840, 1440, 19.635945316580145, 1.5]], 2.5, 6.0, 80.0, 0.2]
['quadthermo_agent', 20.625705184405025, 4.5772901958752925, [[0, 30, 17.686551909560613, 1.5], [420, 540, 17.686551909560613, 1.5], [550, 1410, 17.686551909560613, 1.5]], 2.5, 6.0, 80.0, 0.2]
['quadthermo_agent', 20.702843430161206, 3.066189945245016, [[0, 30, 16.053135291220645, 1.5], [240, 290, 16.053135291220645, 1.5], [370, 410, 16.053135291220645, 1.5], [480, 500, 16.053135291220645, 1.5], [950, 1390, 16.053135291220645, 1.5]], 2.5, 6.0, 80.0, 0.2]
['quadthermo_agent', 20.191087760650987, 4.498527697631146, [[440, 510, 18.47129862202769, 1.5], [920, 940, 18.47129862202769, 1.5], [950, 1410, 18.47129862202769, 1.5]], 2.5, 6.0, 80.0, 0.2]
['quadthermo_agent', 19.800106378821322, 3.5297352655338505, [[390, 520, 16.478815597211053, 1.5], [1030, 1420, 16.478815597211053, 1.5]], 2.5, 6.0, 80.0, 0.2]
['quadthermo_agent', 20.436100036269938, 3.199246286041885, [[390, 400, 17.68750904310171, 1.5], [420, 490, 17.68750904310171, 1.5], [550, 670, 17.68750904310171, 1.5], [700, 780, 17.68750904310171, 1.5], [930, 1360, 17.68750904310171, 1.5]], 2.5, 6.0, 80.0, 0.2]
['quadthermo_agent', 20.255140473891096, 10.201469102613764, [[420, 450, 18.286143084655446, 1.5], [860, 1380, 18.286143084655446, 1.5]], 2.5, 6.0, 80.0, 0.2]
