['quadthermo_agent', 21.156041301603302, 5.843389251488034, [[0, 60, 14.276850108403217, 1.5], [510, 520, 14.276850108403217, 1.5], [540, 900, 14.276850108403217, 1.5], [1020, 1140, 14.276850108403217, 1.5], [1150, 1310, 14.276850108403217, 1.5]], 2.5, 6.0, 80.0, 0.2]
['quadthermo_agent', 20.815884153134476, 2.293552158210955, [[0, 50, 18.767655848271303, 1.5], [440, 510, 18.767655848271303, 1.5], [750, 780, 18.767655848271303, 1.5], [820, 1310, 18.767655848271303, 1.5]], 2.5, 6.0, 80.0, 0.2]
['quadthermo_agent', 19.106280735619247, 2.558153019720847, [[360, 420, 17.45230804786819, 1.5], [720, 770, 17.45230804786819, 1.5], [930, 1340, 17.45230804786819, 1.5]], 2.5, 6.0, 80.0, 0.2]
['quadthermo_agent', 23.09132983957959, 2.778031830928765, [[0, 60, 21.59132983957959, 1.5], [360, 370, 21.59132983957959, 1.5], [540, 1440, 21.59132983957959, 1.5]], 2.5, 6.0, 80.0, 0.2]
['quadthermo_agent', 22.127409583373392, 5.016219358147991, [[430, 1420, 20.627409583373392, 1.5]], 2.5, 6.0, 80.0, 0.2]
['quadthermo_agent', 21.169558947541947, 4.03457637285713, [[0, 20, 17.718700089876076, 1.5], [420, 810, 17.718700089876076, 1.5], [940, 950, 17.718700089876076, 1.5], [990, 1180, 17.718700089876076, 1.5]], 2.5, 6.0, 80.0, 0.2]
['quadthermo_agent', 21.532778363352342, 3.60467011133428, [[400, 1440, 15.678443829124776, 1.5]], 2.5, 6.0, 80.0, 0.2]
['quadthermo_agent', 21.84008252484824, 4.589004485760711, [[0, 60, 17.382589143323482, 1.5], [410, 420, 17.382589143323482, 1.5], [450, 740, 17.382589143323482, 1.5], [940, 950, 17.382589143323482, 1.5], [960, 1440, 17.382589143323482, 1.5]], 2.5, 6.0, 80.0, 0.2]
['quadthermo_agent', 21.122779242303615, 2.5253064673644445, [[410, 510, 17.290357602639645, 1.5], [540, 670, 17.290357602639645, 1.5], [890, 1370, 17.290357602639645, 1.5]], 2.5, 6.0, 80.0, 0.2]
['quadthermo_agent', 21.346825795510473, 5.263826739676655, [[0, 60, 19.08704504304479, 1.5], [350, 360, 19.08704504304479, 1.5], [370, 700, 19.08704504304479, 1.5], [950, 980, 19.08704504304479, 1.5], [1020, 1440, 19.08704504304479, 1.5]], 2.5, 6.0, 80.0, 0.2]
['quadthermo_agent', 19.86781178368546, 4.413963336257429, [[360, 500, 16.8024235255593, 1.5], [680, 800, 16.8024235255593, 1.5], [930, 1390, 16.8024235255593, 1.5]], 2.5, 6.0, 80.0, 0.2]
['quadthermo_agent', 20.27015246142775, 3.546351607003187, [[0, 60, 17.779336169924512, 1.5], [230, 240, 17.779336169924512, 1.5], [420, 690, 17.779336169924512, 1.5], [750, 820, 17.779336169924512, 1.5], [930, 1440, 17.779336169924512, 1.5]], 2.5, 6.0, 80.0, 0.2]
['quadthermo_agent', 22.139574903563044, 4.583059061630516, [[440, 490, 20.639574903563044, 1.5], [720, 1340, 20.639574903563044, 1.5]], 2.5, 6.0, 80.0, 0.2]
['quadthermo_agent', 20.542384970810453, 7.538411387048895, [[360, 510, 19.042384970810453, 1.5], [620, 1440, 19.042384970810453, 1.5]], 2.5, 6.0, 80.0, 0.2]
['quadthermo_agent', 21.002393264900725, 1.2809245781313165, [[0, 20, 15.793427742909232, 1.5], [350, 380, 15.793427742909232, 1.5], [420, 500, 15.793427742909232, 1.5], [590, 660, 15.793427742909232, 1.5], [810, 960, 15.793427742909232, 1.5], [1030, 1130, 15.793427742909232, 1.5], [1190, 1310, 15.793427742909232, 1.5]], 2.5, 6.0, 80.0, 0.2]
['quadthermo_agent', 21.607360137222898, 4.364388425472211, [[130, 140, 18.87678576000432, 1.5], [300, 320, 18.87678576000432, 1.5], [390, 540, 18.87678576000432, 1.5], [680, 730, 18.87678576000432, 1.5], [750, 950, 18.87678576000432, 1.5], [960, 1440, 18.87678576000432, 1.5]], 2.5, 6.0, 80.0, 0.2]
['quadthermo_agent', 21.106041367837374, 1.794648676260375, [[400, 530, 19.606041367837374, 1.5], [630, 1440, 19.606041367837374, 1.5]], 2.5, 6.0, 80.0, 0.2]
['quadthermo_agent', 21.183645349365843, 6.243106906313953, [[360, 470, 16.233180800721392, 1.5], [600, 630, 16.233180800721392, 1.5], [1050, 1380, 16.233180800721392, 1.5]], 2.5, 6.0, 80.0, 0.2]
['quadthermo_agent', 20.360158729741386, 6.685775594762604, [[350, 680, 18.860158729741386, 1.5], [910, 990, 18.860158729741386, 1.5], [1070, 1440, 18.860158729741386, 1.5]], 2.5, 6.0, 80.0, 0.2]
['quadthermo_agent', 22.551811352553287, 2.029301546051643, [[400, 1400, 17.957873792475457, 1.5]], 2.5, 6.0, 80.0, 0.2]
