['quadthermo_agent', 20.756202807155557, 3.5512480701409403, [[0, 50, 18.61577833066805, 2], [420, 490, 18.61577833066805, 2], [570, 620, 18.61577833066805, 2], [910, 1330, 18.61577833066805, 2]], 2.5088445729214264e-05, 12534.453749730957, 194979.63028179159, 47.528274545366486]
['quadthermo_agent', 25.467205614264316, 2.399257971230245, [[390, 530, 23.467205614264316, 2], [600, 920, 23.467205614264316, 2], [960, 1440, 23.467205614264316, 2]], 2.9663434184721207e-05, 9154.590958884073, 127782.00018936757, 58.817194821257168]
['quadthermo_agent', 20.617804379099216, 2.2554146265036557, [[30, 40, 18.164273127392192, 2], [390, 510, 18.164273127392192, 2], [540, 1440, 18.164273127392192, 2]], 8.7735752669250083e-06, 14982.019352675516, 339009.2470979541, 78.601216428974894]
['quadthermo_agent', 21.155710157234857, 1.7190046815435802, [[420, 480, 19.155710157234857, 2], [500, 540, 19.155710157234857, 2], [860, 1440, 19.155710157234857, 2]], 0.00052696632203582663, 9236.689945713024, 242400.54622340304, 60.947465658156787]
['quadthermo_agent', 21.5304300633869, 4.467864908107333, [[0, 70, 19.365011036542846, 2], [440, 620, 19.365011036542846, 2], [650, 690, 19.365011036542846, 2], [790, 800, 19.365011036542846, 2], [940, 1370, 19.365011036542846, 2]], 2.883432465998886e-05, 8810.543395746781, 258027.78926174465, 41.36535104345591]
['quadthermo_agent', 21.688392967568532, 2.0751008093984105, [[0, 60, 18.42801170556751, 2], [330, 540, 18.42801170556751, 2], [660, 980, 18.42801170556751, 2], [1100, 1180, 18.42801170556751, 2], [1200, 1380, 18.42801170556751, 2]], 0.00024719852106238482, 8415.117273829646, 357906.17219171679, 49.399573135667893]
['quadthermo_agent', 20.0269594531719, 1.2437806382250418, [[410, 510, 17.075681396649262, 2], [560, 680, 17.075681396649262, 2], [720, 770, 17.075681396649262, 2], [970, 1340, 17.075681396649262, 2]], 0.00022372978445064925, 14289.734846395424, 279975.94396936585, 29.572553162753238]
['quadthermo_agent', 21.52679447844145, 5.306017962685613, [[390, 510, 17.37627531772862, 2], [550, 1410, 17.37627531772862, 2]], 0.00016781707605026603, 7617.801330879747, 268041.22486154479, 60.433411307214143]
['quadthermo_agent', 21.78149433455674, 0.9322236165837777, [[470, 480, 16.935690729063698, 2], [910, 990, 16.935690729063698, 2], [1020, 1440, 16.935690729063698, 2]], 0.00016558803489072257, 14711.880582680009, 251193.50206060163, 51.978617975139571]
['quadthermo_agent', 22.196751512834915, 1.8145126173711306, [[0, 60, 17.723612632247875, 2], [390, 420, 17.723612632247875, 2], [660, 750, 17.723612632247875, 2], [830, 890, 17.723612632247875, 2], [920, 1380, 17.723612632247875, 2]], 0.00062146018731768003, 7507.530573971022, 367195.39901486982, 30.944259534195332]
['quadthermo_agent', 20.285919525998803, 3.2056147984176957, [[360, 680, 16.592085444666765, 2], [840, 1360, 16.592085444666765, 2]], 0.0044006812048425223, 6363.904153500085, 353409.20464011683, 37.689894629813246]
['quadthermo_agent', 22.277712649659172, 5.881149359799463, [[0, 60, 15.556795457132406, 2], [230, 240, 15.556795457132406, 2], [360, 370, 15.556795457132406, 2], [410, 980, 15.556795457132406, 2], [1030, 1440, 15.556795457132406, 2]], 0.00096915377351574565, 13775.179739904688, 255669.31601273202, 47.527828484714853]
['quadthermo_agent', 21.995887146010578, 2.0673203658749113, [[420, 620, 19.64813148577181, 2], [1050, 1400, 19.64813148577181, 2]], 5.7859838976348006e-05, 10399.457921547117, 396903.52305144398, 48.672792468388963]
['quadthermo_agent', 22.58559022190954, 1.0648894965481657, [[0, 210, 20.58559022190954, 2], [410, 800, 20.58559022190954, 2], [830, 1440, 20.58559022190954, 2]], 0.00025903446280783188, 12534.500490663126, 185225.17301804607, 23.106972901932213]
['quadthermo_agent', 20.884883756492737, 6.99350329981094, [[420, 830, 18.884883756492737, 2], [960, 1330, 18.884883756492737, 2], [1360, 1380, 18.884883756492737, 2]], 1.2519344581633479e-05, 11615.067019121569, 244862.39564742532, 55.453136431076715]
['quadthermo_agent', 21.309415144941074, 3.2139662976324272, [[0, 210, 17.744820634927937, 2], [400, 530, 17.744820634927937, 2], [720, 970, 17.744820634927937, 2], [990, 1440, 17.744820634927937, 2]], 3.8748788982151499e-05, 14317.112780659703, 202610.42617590333, 20.626289883445285]
['quadthermo_agent', 22.756834819394204, 3.3686588645420654, [[0, 10, 20.756834819394204, 2], [320, 440, 20.756834819394204, 2], [450, 530, 20.756834819394204, 2], [590, 670, 20.756834819394204, 2], [750, 1410, 20.756834819394204, 2]], 2.5047553966317702e-05, 8503.614014836694, 235137.99060804074, 47.31168398797405]
['quadthermo_agent', 21.673981764980923, 3.7209083663791693, [[0, 70, 19.673981764980923, 2], [340, 360, 19.673981764980923, 2], [430, 480, 19.673981764980923, 2], [720, 840, 19.673981764980923, 2], [900, 1400, 19.673981764980923, 2], [1420, 1430, 19.673981764980923, 2]], 6.483104458522679e-05, 11428.888670866418, 168741.69718441743, 26.882615236152432]
['quadthermo_agent', 20.166248525713613, 6.218945977025548, [[0, 120, 17.70264891646259, 2], [420, 750, 17.70264891646259, 2], [780, 1400, 17.70264891646259, 2]], 0.0007563083138197881, 14767.8632932216, 145890.23953949448, 46.840527928478579]
['quadthermo_agent', 21.348013995560567, 3.7267191697026782, [[360, 420, 17.728359010719444, 2], [450, 520, 17.728359010719444, 2], [570, 690, 17.728359010719444, 2], [710, 780, 17.728359010719444, 2], [840, 1370, 17.728359010719444, 2]], 1.9235924044221168e-06, 10361.821763510014, 284558.01891832263, 47.138935768053564]
['quadthermo_agent', 22.28732333247407, 1.7606431086821517, [[0, 30, 20.28732333247407, 2], [390, 490, 20.28732333247407, 2], [530, 570, 20.28732333247407, 2], [770, 780, 20.28732333247407, 2], [810, 1190, 20.28732333247407, 2]], 1.0862965563024961e-06, 9188.075055405945, 227221.04260202456, 33.59391190853389]
['quadthermo_agent', 22.68687567956542, 4.262282583242096, [[110, 200, 20.68687567956542, 2], [640, 1290, 20.68687567956542, 2], [1310, 1330, 20.68687567956542, 2]], 0.003821774943132742, 13324.248989767017, 256425.89603360507, 50.959638658179429]
['quadthermo_agent', 21.96905865949899, 5.849806290984319, [[390, 400, 19.96905865949899, 2], [680, 1320, 19.96905865949899, 2]], 0.00025896371033722965, 13609.07521694824, 165317.94670749642, 46.496565094842502]
['quadthermo_agent', 21.33539619912923, 2.36254213563945, [[440, 470, 16.311411578062458, 2], [480, 700, 16.311411578062458, 2], [780, 820, 16.311411578062458, 2], [870, 900, 16.311411578062458, 2], [1070, 1440, 16.311411578062458, 2]], 8.7114151471145149e-05, 11250.905805536408, 241608.9232954208, 42.24413480325574]
['quadthermo_agent', 19.445202887274068, 4.628736795754415, [[380, 760, 14.167380346662204, 2], [1060, 1370, 14.167380346662204, 2]], 0.0001151131778387943, 11946.307768395855, 298120.758040165, 24.071853303956519]
['quadthermo_agent', 21.29972168762942, 6.56288613035538, [[480, 530, 19.29972168762942, 2], [690, 870, 19.29972168762942, 2], [970, 1380, 19.29972168762942, 2]], 2.0562806192052634e-05, 8482.248275322385, 268616.30998411757, 73.941922496431431]
['quadthermo_agent', 21.272330192176355, 2.1561247040929605, [[310, 370, 15.879798698006299, 2], [410, 470, 15.879798698006299, 2], [500, 650, 15.879798698006299, 2], [950, 1440, 15.879798698006299, 2]], 0.0004571714731593506, 12363.380715935087, 460991.36131668068, 23.522839076306312]
['quadthermo_agent', 20.451870263327727, 3.662495506987405, [[480, 520, 14.360584019389064, 2], [720, 780, 14.360584019389064, 2], [1140, 1440, 14.360584019389064, 2]], 0.00029845955679568296, 8843.759226639375, 192609.52545557826, 21.775463756971501]
['quadthermo_agent', 21.336313860577842, 3.5855924939702075, [[360, 380, 19.336313860577842, 2], [420, 710, 19.336313860577842, 2], [1030, 1420, 19.336313860577842, 2]], 3.9826633142228121e-05, 14256.938016091743, 285951.20295324113, 39.00443970985409]
['quadthermo_agent', 22.05740360417043, 3.8516195770021566, [[440, 500, 20.007912509213025, 2], [510, 590, 20.007912509213025, 2], [710, 810, 20.007912509213025, 2], [920, 1430, 20.007912509213025, 2]], 0.00035864442383766324, 12830.697390386518, 287399.30289088201, 26.110453062849857]
['quadthermo_agent', 20.626017170154327, 2.4979855533315978, [[420, 570, 17.321165436586845, 2], [1020, 1440, 17.321165436586845, 2]], 1.0841294240908893e-06, 8938.002598416688, 221047.77244449689, 47.151815574695284]
['quadthermo_agent', 22.2442199441778, 5.56848468725152, [[340, 360, 13.478874660544491, 2], [420, 900, 13.478874660544491, 2], [910, 1410, 13.478874660544491, 2]], 3.6825100037091066e-06, 12460.686318262327, 238616.58873364859, 34.355201792021631]
['quadthermo_agent', 22.62855053009865, 6.727106205026166, [[420, 570, 18.632867921941475, 2], [690, 760, 18.632867921941475, 2], [1050, 1320, 18.632867921941475, 2]], 7.6377279536259595e-05, 13532.096707926907, 329933.24652291468, 36.741948756615656]
['quadthermo_agent', 19.982758473155336, 9.007383453691197, [[430, 500, 17.982758473155336, 2], [510, 980, 17.982758473155336, 2], [1020, 1120, 17.982758473155336, 2], [1230, 1300, 17.982758473155336, 2]], 5.9167129563382746e-05, 12644.373681221936, 211774.59595918126, 31.743818926657475]
['quadthermo_agent', 21.052471379705345, 5.347551789630441, [[360, 370, 16.95243820309621, 2], [390, 750, 16.95243820309621, 2], [770, 780, 16.95243820309621, 2], [860, 900, 16.95243820309621, 2], [960, 1310, 16.95243820309621, 2]], 1.4763619598937387e-05, 7570.82954740963, 142353.2126986807, 25.632916286147591]
['quadthermo_agent', 22.088505199028262, 1.78462960129833, [[110, 150, 20.088505199028262, 2], [540, 780, 20.088505199028262, 2], [980, 1420, 20.088505199028262, 2]], 2.1652067909213164e-05, 13313.968432236648, 141647.81164019371, 23.739642647332367]
['quadthermo_agent', 20.034054494104296, 1.4817543489079568, [[420, 500, 17.17007466957617, 2], [510, 520, 17.17007466957617, 2], [720, 790, 17.17007466957617, 2], [910, 1440, 17.17007466957617, 2]], 0.00030731868560705079, 12144.946246646567, 324479.81419420254, 58.048824169429707]
['quadthermo_agent', 21.727087923342907, 3.9067649932816115, [[0, 60, 15.368356073289048, 2], [450, 520, 15.368356073289048, 2], [570, 600, 15.368356073289048, 2], [660, 1180, 15.368356073289048, 2], [1210, 1440, 15.368356073289048, 2]], 9.0924008512850173e-05, 7416.487316910025, 225150.38749812334, 29.114523703640739]
['quadthermo_agent', 21.030186802949636, 0.6701594337437837, [[0, 60, 14.86319668595834, 2], [180, 280, 14.86319668595834, 2], [370, 1180, 14.86319668595834, 2], [1190, 1440, 14.86319668595834, 2]], 0.0033175124707267209, 7737.359016296774, 158215.02672239309, 36.208681197740795]
['quadthermo_agent', 23.840336673750436, 0.686061797912561, [[0, 80, 20.143724723089466, 2], [440, 510, 20.143724723089466, 2], [610, 620, 20.143724723089466, 2], [780, 840, 20.143724723089466, 2], [1010, 1370, 20.143724723089466, 2], [1380, 1400, 20.143724723089466, 2]], 1.9724866635087752e-05, 8167.847209263267, 295565.72138580971, 32.309922457959701]
['quadthermo_agent', 19.249890285735397, 3.985258117667013, [[0, 60, 16.47095207512771, 2], [390, 520, 16.47095207512771, 2], [900, 1170, 16.47095207512771, 2], [1210, 1410, 16.47095207512771, 2]], 6.0109621805217574e-07, 12019.040717969794, 215177.93118539156, 78.98880007864274]
['quadthermo_agent', 22.718383262594173, 1.7776803610979757, [[330, 350, 20.718383262594173, 2], [410, 600, 20.718383262594173, 2], [710, 740, 20.718383262594173, 2], [870, 910, 20.718383262594173, 2], [920, 1380, 20.718383262594173, 2]], 0.00039736460995722913, 12684.431572993284, 275444.25695810397, 38.577662377894399]
['quadthermo_agent', 23.968659418183748, 4.742939741252183, [[440, 490, 21.968659418183748, 2], [540, 1400, 21.968659418183748, 2]], 0.0013586340779548135, 14120.217788934076, 299913.44403568935, 52.276302037737622]
['quadthermo_agent', 20.97712526486024, 2.986940431961698, [[410, 790, 18.97712526486024, 2], [910, 1410, 18.97712526486024, 2]], 1.9378562612122238e-07, 12067.998879798884, 178648.24809171175, 36.37399001704658]
['quadthermo_agent', 22.35835247331924, 2.4978741151042314, [[0, 30, 17.532253056876034, 2], [260, 550, 17.532253056876034, 2], [970, 1100, 17.532253056876034, 2]], 0.00050959075944943387, 10417.53836266786, 342952.18091226002, 48.49763677366564]
['quadthermo_agent', 20.723565670273093, 3.229486818336463, [[0, 60, 18.723565670273093, 2], [280, 910, 18.723565670273093, 2], [950, 1410, 18.723565670273093, 2]], 0.00015443448919150429, 13768.960284889665, 394149.22346992017, 48.206811393901759]
['quadthermo_agent', 22.185522417276925, 1.7763564788501074, [[0, 60, 20.185522417276925, 2], [420, 780, 20.185522417276925, 2], [830, 910, 20.185522417276925, 2], [1020, 1390, 20.185522417276925, 2]], 0.00045682354170035306, 8372.088344753463, 143659.4610882354, 56.537040600018457]
['quadthermo_agent', 22.25544786347085, 3.5699366269497435, [[410, 420, 17.97486531653763, 2], [450, 670, 17.97486531653763, 2], [1200, 1370, 17.97486531653763, 2], [1380, 1440, 17.97486531653763, 2]], 3.5215568528444169e-06, 11174.383835340166, 218093.38098891819, 26.490744347081311]
['quadthermo_agent', 21.462462179704996, 4.627963198312415, [[410, 420, 17.905499011085265, 2], [430, 450, 17.905499011085265, 2], [470, 490, 17.905499011085265, 2], [930, 1320, 17.905499011085265, 2], [1340, 1360, 17.905499011085265, 2]], 0.00010776266139664005, 9848.021207747948, 417567.95128319145, 58.669594072671345]
['quadthermo_agent', 20.645824404322482, 2.1103333795101946, [[420, 750, 16.27252114621027, 2], [840, 1310, 16.27252114621027, 2], [1370, 1440, 16.27252114621027, 2]], 0.0015294706927243583, 7944.655411874421, 183531.34742979816, 23.285033365451383]
['quadthermo_agent', 20.795041517006062, 2.4136527116796636, [[410, 490, 16.8289779742717, 2], [590, 600, 16.8289779742717, 2], [990, 1390, 16.8289779742717, 2]], 5.2940731528452151e-05, 9906.555093580742, 140732.34849770609, 28.672445778736524]
['quadthermo_agent', 22.16547027560684, 5.925171725110686, [[410, 750, 17.589919459169174, 2], [930, 1380, 17.589919459169174, 2]], 7.1436621182004623e-05, 13430.696758912663, 130909.12889344247, 45.172422835609559]
['quadthermo_agent', 20.62419913934604, 3.6140249038870107, [[0, 20, 18.62419913934604, 2], [380, 450, 18.62419913934604, 2], [940, 1440, 18.62419913934604, 2]], 6.5527605925002784e-05, 12837.89429442773, 213207.13940474828, 51.165684784202575]
['quadthermo_agent', 19.565066688560407, 13.192589670818041, [[0, 130, 17.034565537915444, 2], [420, 550, 17.034565537915444, 2], [970, 1370, 17.034565537915444, 2]], 0.00014359991890204466, 8042.604735026616, 246303.84250892673, 40.322709412613513]
['quadthermo_agent', 20.444063249910307, 7.6285933950345886, [[0, 100, 17.62491477168368, 2], [200, 210, 17.62491477168368, 2], [440, 1310, 17.62491477168368, 2], [1350, 1400, 17.62491477168368, 2]], 0.0002512364815224692, 11470.454815788831, 203661.2748348797, 35.9600959080026]
['quadthermo_agent', 22.55946344532592, 2.3379058584286807, [[0, 30, 16.69435269146993, 2], [430, 530, 16.69435269146993, 2], [550, 660, 16.69435269146993, 2], [800, 900, 16.69435269146993, 2], [940, 1220, 16.69435269146993, 2], [1270, 1390, 16.69435269146993, 2]], 0.0033926237620952437, 10855.867639765096, 269701.02519024612, 21.75233532876009]
['quadthermo_agent', 20.034773055148378, 2.4741812734857045, [[400, 570, 16.27991000290519, 2], [700, 750, 16.27991000290519, 2], [1050, 1070, 16.27991000290519, 2], [1140, 1380, 16.27991000290519, 2]], 0.00048369041197663895, 14793.97991503945, 180953.14121524495, 32.412113128628782]
['quadthermo_agent', 21.883544165644825, 2.228477492406084, [[430, 500, 17.56985659965459, 2], [900, 1440, 17.56985659965459, 2]], 0.0027111110859960965, 11885.989862415101, 353267.38004245376, 52.598908256112814]
['quadthermo_agent', 22.987159054772484, 2.7536092687810005, [[10, 60, 14.708056875843361, 2], [360, 410, 14.708056875843361, 2], [470, 720, 14.708056875843361, 2], [1030, 1380, 14.708056875843361, 2]], 0.00088542243859560728, 12820.393741560747, 244036.83417668907, 41.640017623480318]
['quadthermo_agent', 21.70953756423701, 3.72099201905157, [[190, 240, 14.915330702049188, 2], [370, 730, 14.915330702049188, 2], [810, 1410, 14.915330702049188, 2]], 2.5378246179786456e-05, 13613.6580511223, 265254.70698025892, 34.048032634826193]
