[29879, 64401, 3600, 1.0, 0.0007570709766193189]
[13294, 26333, 3600, 1.0, 0.0005370578347320697]
[25806, 52894, 3600, 1.0, 0.00013428528313974325]
[36217, 48498, 3600, 1.0, 0.000295244641873332]
[9323, 32403, 3600, 1.0, 0.00020155910678849878]
[19148, 49302, 3600, 1.0, 6.551967296035803e-06]
[13085, 30472, 3600, 1.0, 0.0003987143361509027]
[18582, 30558, 3600, 1.0, 0.00015979242330269486]
[7453, 15560, 3600, 1.0, 4.4635485236330367e-05]
[18120, 43950, 3600, 1.0, 0.00025503248922078447]
[12436, 20693, 3600, 1.0, 0.0001009653400242507]
[20538, 35265, 3600, 1.0, 0.00044600988740379864]
[15602, 46961, 3600, 1.0, 0.00010530666348420968]
[17796, 32548, 3600, 1.0, 4.4849649648493783e-05]
[20895, 44950, 3600, 1.0, 0.0003181294156509364]
[12115, 41254, 3600, 1.0, 0.00025104616363931016]
[47316, 66730, 3600, 1.0, 9.593957883838097e-05]
[17936, 33515, 3600, 1.0, 0.00010649976130454428]
[19726, 60912, 3600, 1.0, 1.7465425719846013e-05]
[30531, 51564, 3600, 1.0, 0.00010736525878354688]
[35782, 56311, 3600, 1.0, 8.550112692888978e-05]
[14424, 44598, 3600, 1.0, 0.0001251809881062704]
[14699, 30982, 3600, 1.0, 6.247470943770417e-05]
[24703, 41984, 3600, 1.0, 1.9255104529859057e-05]
[30322, 50912, 3600, 1.0, 0.0003824246385221691]
