1.000000000000000000e+00 2.000000000000000111e-01 2.000000000000000111e-01 2.000000000000000111e-01 2.000000000000000111e-01 2.000000000000000111e-01
3.876835434204526920e-01 1.000000000000000056e-01 1.000000000000000056e-01 1.000000000000000056e-01 1.000000000000000056e-01 1.000000000000000056e-01
3.207545602050024813e-01 1.000000000000000056e-01 1.000000000000000056e-01 1.000000000000000056e-01 1.000000000000000056e-01 1.000000000000000056e-01
1.705392768219792243e-01 9.989477030732530904e-01 9.989477030732530904e-01 9.989477030732530904e-01 9.989477030732530904e-01 9.989477030732530904e-01
1.152732121192381470e-01 2.035363468240418694e+00 2.555097090352501876e+00 2.035363468240418694e+00 2.555097090352501876e+00 2.035363468240418694e+00
1.075350567383581840e-01 9.989477030732530904e-01 1.771272264843143374e+00 9.989477030732530904e-01 1.771272264843143374e+00 9.968464300409844991e-01
1.003163546423982144e-01 1.465483036242567705e+00 2.048261771853792546e+00 2.035363468240418694e+00 1.341442360340468598e+00 1.465483036242567705e+00
1.070831354583864498e-01 1.705392768219788691e+00 2.593037936472758265e+00 2.533666378631412197e+00 1.327393060181918161e+00 1.187220320632442538e+00
1.028834878923045731e-01 1.997153853501122622e+00 1.102869192902585560e+00 1.152732121192380221e+00 3.310474604387759534e+00 5.522204465966385811e+00
1.015918129489346150e-01 1.307970893182708982e+00 1.131092030399923454e+00 9.719732684867475880e-01 2.791362158053487530e+00 5.283334324130447790e+00
1.009520695010732161e-01 1.299734345525786594e+00 1.189722886692696768e+00 9.658525633633596730e-01 2.809051301624773789e+00 6.549174420837760913e+00
1.055163150477189393e-01 6.954239717901867790e-01 2.009810018931539322e+00 8.195590434970990712e-01 4.656272715368948489e+00 2.429179087097993239e+00
1.186387302296095514e-01 6.648756622513769532e-01 1.979013296287441825e+00 1.000351011916894794e+00 1.667515219486412459e+00 4.643218086606706763e+00
1.174786230930176811e-01 7.742636826811269968e-01 9.968464300409844991e-01 1.358497942227736566e+00 1.015918129489344013e+00 4.656272715368948489e+00
1.187220320632443732e-01 1.001053405422034137e+00 5.470125073471318045e-01 5.988534148846976768e-01 2.348700378332228667e+00 4.918302902859161385e+00
1.187220320632443732e-01 1.001053405422034137e+00 4.780458947899882682e-01 5.975937347962327895e-01 2.862794165665939250e+00 6.549174420837760913e+00
1.187220320632443732e-01 1.001053405422034137e+00 4.680849153384920580e-01 5.826826661888296899e-01 3.303511065667154689e+00 7.750792962425482102e+00
1.189722886692696630e-01 1.001053405422034137e+00 4.671003050266743784e-01 5.900911037194245257e-01 3.496770453942735557e+00 7.750792962425482102e+00
1.189722886692696630e-01 1.003163546423980979e+00 4.671003050266743784e-01 5.975937347962327895e-01 3.504141368091067577e+00 8.273618151935206555e+00
1.152732121192381470e-01 1.009520695010730051e+00 4.554452887685696560e-01 5.938305705685101854e-01 3.804056104782499670e+00 8.925186172992384925e+00
1.217601735217577752e-01 1.001053405422034137e+00 4.573673973898405576e-01 5.988534148846976768e-01 4.646478308456963191e+00 9.368081557658705094e+00
1.209934259762625031e-01 1.001053405422034137e+00 4.573673973898405576e-01 5.988534148846976768e-01 4.646478308456963191e+00 9.547312009302164171e+00
1.212484705000966417e-01 1.003163546423980979e+00 4.641588833612781961e-01 5.975937347962327895e-01 4.656272715368948489e+00 9.750481510444741318e+00
1.189722886692696630e-01 1.003163546423980979e+00 4.671003050266743784e-01 5.717440399740296719e-01 4.656272715368948489e+00 9.387828728885862617e+00
1.189722886692696630e-01 1.003163546423980979e+00 4.790535775349298309e-01 5.610107631722284216e-01 4.656272715368948489e+00 9.211592236207094331e+00
1.189722886692696630e-01 1.003163546423980979e+00 4.820893883797914281e-01 5.975937347962327895e-01 4.656272715368948489e+00 9.211592236207094331e+00
1.204849452482671390e-01 1.003163546423980979e+00 4.497272937857973996e-01 5.975937347962327895e-01 4.656272715368948489e+00 1.156378842772188875e+01
1.212484705000966417e-01 1.003163546423980979e+00 4.554452887685696560e-01 5.975937347962327895e-01 4.656272715368948489e+00 1.178502721709978118e+01
1.291549665014883885e-01 1.009520695010730051e+00 4.730391867389900362e-01 5.717440399740296719e-01 4.685779985262819913e+00 1.303846115466700084e+01
1.267303570453920392e-01 1.009520695010730051e+00 4.730391867389900362e-01 5.717440399740296719e-01 4.685779985262819913e+00 1.303846115466700084e+01
1.259323112854873750e-01 1.003163546423980979e+00 4.730391867389900362e-01 5.826826661888296899e-01 4.656272715368948489e+00 1.303846115466700084e+01
1.267303570453920392e-01 1.009520695010730051e+00 4.820893883797914281e-01 5.826826661888296899e-01 4.685779985262819913e+00 1.303846115466700084e+01
1.197262280637705623e-01 1.009520695010730051e+00 4.468952733584371506e-01 5.826826661888296899e-01 4.685779985262819913e+00 1.303846115466700084e+01
1.197262280637705623e-01 1.009520695010730051e+00 4.468952733584371506e-01 5.826826661888296899e-01 4.685779985262819913e+00 1.303846115466700084e+01
1.197262280637705623e-01 1.009520695010730051e+00 5.504789807854978401e-01 4.913127387829677173e-01 4.866792144144638677e+00 7.816352110618194793e+00
1.009520695010732161e-01 1.009520695010730051e+00 2.258964807177620826e-01 5.938305705685101854e-01 4.685779985262819913e+00 1.380122688383127816e+01
1.009520695010732161e-01 1.009520695010730051e+00 2.436863907912196481e-01 5.938305705685101854e-01 4.685779985262819913e+00 1.303846115466700084e+01
1.189722886692696630e-01 1.003163546423980979e+00 2.679066779203613802e-01 7.087288466229354489e-01 4.656272715368948489e+00 1.295635542339034529e+01
1.673377650689361062e-01 1.003163546423980979e+00 4.248717812971585239e-01 7.549443722191190309e-01 5.054796821191235523e+00 1.092468136961635494e+01
1.673377650689361062e-01 1.003163546423980979e+00 4.248717812971585239e-01 7.549443722191190309e-01 5.054796821191235523e+00 1.092468136961635494e+01
1.410976856332233353e-01 5.610107631722284216e-01 4.820893883797914281e-01 1.003163546423980979e+00 4.656272715368948489e+00 8.273618151935206555e+00
1.410976856332233353e-01 5.681436563130835005e-01 4.760368837826819965e-01 1.003163546423980979e+00 4.656272715368948489e+00 8.378811916547295624e+00
1.673377650689361062e-01 1.003163546423980979e+00 4.221962808766405728e-01 7.693879933560300310e-01 4.959903775238069024e+00 1.092468136961635494e+01
1.189722886692696630e-01 1.003163546423980979e+00 4.275642366337304434e-01 5.975937347962327895e-01 5.119065330712182060e+00 1.295635542339034529e+01
1.131092030399923481e-01 1.009520695010730051e+00 4.064933993871770457e-01 5.938305705685101854e-01 5.054796821191235523e+00 1.303846115466700084e+01
1.212484705000966417e-01 1.003163546423980979e+00 4.275642366337304434e-01 5.975937347962327895e-01 5.217003460901254108e+00 1.295635542339034529e+01
1.197262280637705623e-01 1.009520695010730051e+00 4.302737543313679414e-01 5.938305705685101854e-01 5.250064138092694677e+00 1.303846115466700084e+01
1.189722886692696630e-01 1.003163546423980979e+00 3.963506374842499236e-01 5.975937347962327895e-01 5.522204465966385811e+00 1.303846115466700084e+01
1.243512644685443036e-01 1.009520695010730051e+00 3.988623514554384131e-01 5.938305705685101854e-01 5.557199232713742276e+00 2.174946405636217150e+01
1.189722886692696630e-01 1.003163546423980979e+00 3.768180408369009582e-01 5.975937347962327895e-01 5.522204465966385811e+00 1.371431786808394016e+01
1.189722886692696630e-01 1.003163546423980979e+00 3.720871901286878503e-01 5.975937347962327895e-01 5.994842503189408589e+00 1.295635542339034529e+01
1.259323112854873750e-01 1.003163546423980979e+00 3.840273362759855647e-01 5.975937347962327895e-01 6.549174420837760913e+00 9.750481510444741318e+00
1.174786230930176811e-01 1.009520695010730051e+00 4.730391867389900362e-01 4.064933993871770457e-01 6.845275732403202085e+00 9.269967025417550133e+00
1.197262280637705623e-01 1.009520695010730051e+00 4.730391867389900362e-01 3.913745601980384015e-01 7.384358233027137786e+00 9.812271295345924571e+00
1.197262280637705623e-01 1.009520695010730051e+00 4.730391867389900362e-01 3.913745601980384015e-01 7.384358233027137786e+00 9.812271295345924571e+00
1.291549665014883885e-01 1.009520695010730051e+00 4.385057662800772027e-01 4.913127387829677173e-01 7.384358233027137786e+00 8.593228865232832803e+00
1.316259636672989231e-01 1.009520695010730051e+00 4.385057662800772027e-01 5.007125506364689116e-01 7.525636023261617957e+00 8.757634809087171845e+00
1.316259636672989231e-01 1.009520695010730051e+00 4.385057662800772027e-01 5.007125506364689116e-01 7.525636023261617957e+00 8.757634809087171845e+00
1.316259636672989231e-01 1.009520695010730051e+00 4.385057662800772027e-01 5.007125506364689116e-01 7.525636023261617957e+00 8.925186172992384925e+00
1.316259636672989231e-01 1.009520695010730051e+00 4.385057662800772027e-01 5.007125506364689116e-01 7.525636023261617957e+00 8.757634809087171845e+00
1.419918359001606512e-01 1.009520695010730051e+00 4.641588833612781961e-01 4.730391867389900362e-01 7.384358233027137786e+00 9.269967025417550133e+00
1.419918359001606512e-01 1.009520695010730051e+00 4.641588833612781961e-01 4.730391867389900362e-01 7.525636023261617957e+00 9.269967025417550133e+00
1.367106880724677509e-01 1.009520695010730051e+00 4.142704447847674332e-01 5.504789807854978401e-01 7.525636023261617957e+00 9.447320346528112367e+00
1.673377650689361062e-01 1.003163546423980979e+00 4.700603667778769923e-01 5.070787905598886924e-01 7.767131017856920394e+00 8.702486275703948948e+00
1.393262415576616842e-01 1.009520695010730051e+00 3.559920744137322624e-01 6.910447514915765144e-01 6.590677199783643303e+00 9.269967025417550133e+00
1.474769950072288838e-01 1.009520695010730051e+00 3.559920744137322624e-01 7.177398807432411321e-01 6.590677199783643303e+00 9.447320346528112367e+00
1.393262415576616842e-01 1.003163546423980979e+00 3.889099983078772027e-01 5.975937347962327895e-01 6.507932992980382636e+00 9.328711741555725467e+00
1.402091660047997956e-01 1.003163546423980979e+00 3.913745601980384015e-01 5.975937347962327895e-01 6.507932992980382636e+00 9.447320346528112367e+00
1.419918359001606512e-01 1.003163546423980979e+00 3.582480320996159207e-01 7.132201328162582898e-01 6.549174420837760913e+00 1.099391217747127669e+01
1.402091660047997956e-01 1.003163546423980979e+00 3.582480320996159207e-01 7.042658429341897008e-01 6.385760409905622659e+00 1.171081460364051630e+01
1.474769950072288838e-01 1.003163546423980979e+00 3.559920744137322624e-01 7.268654844006865456e-01 6.549174420837760913e+00 1.295635542339034529e+01
4.656272715368948156e-01 7.940773815649339040e-01 4.790535775349298309e-01 1.022356105155583395e+00 9.507188968552494401e+00 2.161250344191237716e+01
1.652368837453427053e-01 1.009520695010730051e+00 3.559920744137322624e-01 7.742636826811269968e-01 6.976239778092964805e+00 1.255351749317479459e+01
1.502985298390380475e-01 1.009520695010730051e+00 3.559920744137322624e-01 7.314717042971203842e-01 6.716770257778812869e+00 1.163706932147327322e+01
1.531740463702079835e-01 1.009520695010730051e+00 3.559920744137322624e-01 7.454662455613763061e-01 6.716770257778812869e+00 1.163706932147327322e+01
1.600993522352798792e-01 1.003163546423980979e+00 3.582480320996159207e-01 7.597285308600862930e-01 7.154764378169411465e+00 1.224028402082456957e+01
1.662840065457327487e-01 1.003163546423980979e+00 3.582480320996159207e-01 7.693879933560300310e-01 7.154764378169411465e+00 1.295635542339034529e+01
1.621349131306840941e-01 1.009520695010730051e+00 3.559920744137322624e-01 7.742636826811269968e-01 6.976239778092964805e+00 1.185971012337670594e+01
1.705392768219792243e-01 1.003163546423980979e+00 3.582480320996159207e-01 7.693879933560300310e-01 7.767131017856920394e+00 1.295635542339034529e+01
1.694653577552457380e-01 1.003163546423980979e+00 3.582480320996159207e-01 7.742636826811269968e-01 7.767131017856920394e+00 1.295635542339034529e+01
1.600993522352798792e-01 1.003163546423980979e+00 3.493090813140522499e-01 7.501903403576167806e-01 6.845275732403202085e+00 1.295635542339034529e+01
1.580893472678299438e-01 1.003163546423980979e+00 3.471094139435971782e-01 7.454662455613763061e-01 6.845275732403202085e+00 1.295635542339034529e+01
1.580893472678299438e-01 1.003163546423980979e+00 3.471094139435971782e-01 7.454662455613763061e-01 6.932309036439714411e+00 1.295635542339034529e+01
1.641963548813263341e-01 1.003163546423980979e+00 3.559920744137322624e-01 7.361071142736846928e-01 7.337857489914928699e+00 1.295635542339034529e+01
1.641963548813263341e-01 1.003163546423980979e+00 3.537503229331159793e-01 7.361071142736846928e-01 7.337857489914928699e+00 1.295635542339034529e+01
1.683982013661977639e-01 1.009520695010730051e+00 3.559920744137322624e-01 7.314717042971203842e-01 7.816352110618194793e+00 1.303846115466700084e+01
4.775428485640567655e-01 8.195590434970990712e-01 4.641588833612781961e-01 1.028834878923043705e+00 1.000000000000000000e+01 1.668100537200055555e+01
4.775428485640567655e-01 8.195590434970990712e-01 4.641588833612781961e-01 1.028834878923043705e+00 1.000000000000000000e+01 1.668100537200055555e+01
4.775428485640567655e-01 8.195590434970990712e-01 4.641588833612781961e-01 1.028834878923043705e+00 1.058501208088596002e+01 1.575908014514456035e+01
4.685779985262824576e-01 8.195590434970990712e-01 4.730391867389900362e-01 1.009520695010730051e+00 1.099391217747127669e+01 1.546323697492581672e+01
4.685779985262824576e-01 8.195590434970990712e-01 4.641588833612781961e-01 1.028834878923043705e+00 1.120424807525021826e+01 1.575908014514456035e+01
4.685779985262824576e-01 8.041735677347763289e-01 4.730391867389900362e-01 1.009520695010730051e+00 1.099391217747127669e+01 1.546323697492581672e+01
4.685779985262824576e-01 8.041735677347763289e-01 4.730391867389900362e-01 1.009520695010730051e+00 1.099391217747127669e+01 1.488810784977913926e+01
4.685779985262824576e-01 7.742636826811269968e-01 4.641588833612781961e-01 1.009520695010730051e+00 1.000000000000000000e+01 1.575908014514456035e+01
4.775428485640567655e-01 7.742636826811269968e-01 4.641588833612781961e-01 1.028834878923043705e+00 1.000000000000000000e+01 1.575908014514456035e+01
4.685779985262824576e-01 7.742636826811269968e-01 4.730391867389900362e-01 1.009520695010730051e+00 1.019132033654947556e+01 1.460861532964024789e+01
4.685779985262824576e-01 7.742636826811269968e-01 4.641588833612781961e-01 1.009520695010730051e+00 9.447320346528112367e+00 2.174946405636217150e+01
4.656272715368948156e-01 1.003163546423980979e+00 4.671003050266743784e-01 7.693879933560300310e-01 9.211592236207094331e+00 2.161250344191237716e+01
4.656272715368948156e-01 1.003163546423980979e+00 4.671003050266743784e-01 7.597285308600862930e-01 9.211592236207094331e+00 2.161250344191237716e+01
4.656272715368948156e-01 1.003163546423980979e+00 4.730391867389900362e-01 6.954239717901867790e-01 9.211592236207094331e+00 2.161250344191237716e+01
4.656272715368948156e-01 1.003163546423980979e+00 5.038856165787004571e-01 4.330004425159755255e-01 9.211592236207094331e+00 2.161250344191237716e+01
