1.000000000000000000e+00 2.000000000000000111e-01 2.000000000000000111e-01 2.000000000000000111e-01 2.000000000000000111e-01 2.000000000000000111e-01 2.000000000000000111e-01
3.804056104782507219e-01 1.000000000000000056e-01 1.000000000000000056e-01 1.000000000000000056e-01 1.000000000000000056e-01 1.000000000000000056e-01 1.000000000000000056e-01
3.207545602050024813e-01 1.000000000000000056e-01 1.000000000000000056e-01 1.000000000000000056e-01 1.000000000000000056e-01 1.000000000000000056e-01 1.000000000000000056e-01
3.030271082866396459e-01 1.000000000000000056e-01 1.000000000000000056e-01 1.000000000000000056e-01 1.000000000000000056e-01 1.000000000000000056e-01 1.000000000000000056e-01
1.474769950072288838e-01 9.905690937711475463e-01 9.905690937711475463e-01 9.905690937711475463e-01 9.905690937711475463e-01 9.905690937711475463e-01 9.905690937711475463e-01
1.184723018686175550e-01 9.989477030732530904e-01 9.989477030732530904e-01 9.989477030732530904e-01 9.989477030732530904e-01 9.989477030732530904e-01 9.989477030732530904e-01
1.058129791922009788e-01 9.996491112492360553e-01 9.877918698899420535e-01 9.996491112492360553e-01 9.996491112492360553e-01 9.996491112492360553e-01 9.996491112492360553e-01
1.085207731319254715e-01 9.996491112492360553e-01 9.996491112492360553e-01 9.996491112492360553e-01 9.996491112492360553e-01 9.996491112492360553e-01 9.996491112492360553e-01
1.000116990285039170e-01 9.998830234000876116e-01 9.998830234000876116e-01 9.998830234000876116e-01 9.998830234000876116e-01 9.998830234000876116e-01 9.998830234000876116e-01
1.000038995241031153e-01 9.999610062795384335e-01 9.999610062795384335e-01 9.999610062795384335e-01 9.999610062795384335e-01 9.999610062795384335e-01 9.999610062795384335e-01
1.000012998244722562e-01 9.999870019242295127e-01 9.999870019242295127e-01 9.999870019242295127e-01 9.999870019242295127e-01 9.999870019242295127e-01 9.999870019242295127e-01
1.000001444241069848e-01 9.999985557610139297e-01 9.999985557610139297e-01 9.999985557610139297e-01 9.999985557610139297e-01 9.999985557610139297e-01 9.999985557610139297e-01
1.000038995241031153e-01 9.999610062795384335e-01 9.999610062795384335e-01 9.999610062795384335e-01 9.999610062795384335e-01 9.999610062795384335e-01 9.999610062795384335e-01
1.059616239000429477e-01 2.290095961250300682e+00 5.863751850219651729e-01 1.001053405422034137e+00 2.785490565368537119e+00 1.669857723350440359e+00 4.765383436171469533e+00
1.187220320632443732e-01 1.666345200131256865e+00 1.001053405422034137e+00 9.617935212245635190e-01 5.498997134457768610e+00 1.001053405422034137e+00 2.454889833339825245e+00
1.022356105155585448e-01 2.348700378332228667e+00 5.049477674030971031e-01 1.001053405422034137e+00 5.510588583285731978e+00 1.669857723350440359e+00 4.646478308456963191e+00
1.061849825800226521e-01 2.022546387758965558e+00 4.671003050266743784e-01 1.003163546423980979e+00 4.656272715368948489e+00 1.972080115786055021e+00 7.337857489914928699e+00
1.061849825800226521e-01 1.984577386411288336e+00 4.730391867389900362e-01 1.003163546423980979e+00 4.656272715368948489e+00 1.922873070608769108e+00 6.976239778092964805e+00
1.061849825800226521e-01 2.022546387758965558e+00 4.851444374642106538e-01 1.003163546423980979e+00 4.656272715368948489e+00 1.874893832190294596e+00 7.621319673370843262e+00
1.068578875259300204e-01 2.009810018931539322e+00 5.038856165787004571e-01 1.003163546423980979e+00 4.656272715368948489e+00 1.705392768219788691e+00 8.813132824289510836e+00
1.189722886692696630e-01 1.367106880724677564e+00 6.167703060931604142e-01 7.890769215159876282e-01 4.656272715368948489e+00 4.656272715368948489e+00 8.221517565783956982e+00
1.095924210629633661e-01 1.324600906766880026e+00 5.975937347962327895e-01 7.549443722191190309e-01 4.656272715368948489e+00 4.656272715368948489e+00 7.767131017856920394e+00
1.220168342884669355e-01 1.291549665014882775e+00 6.167703060931604142e-01 7.314717042971203842e-01 5.663519755461281946e+00 4.775428485640557774e+00 7.525636023261617957e+00
1.028834878923045731e-01 1.152732121192380221e+00 5.504789807854978401e-01 7.314717042971203842e-01 5.663519755461281946e+00 5.663519755461281946e+00 7.965894822257479468e+00
1.028834878923045731e-01 1.089022962263728189e+00 5.200551275510891802e-01 7.314717042971203842e-01 5.054796821191235523e+00 5.994842503189408589e+00 8.431909292866251349e+00
1.028834878923045731e-01 1.089022962263728189e+00 4.913127387829677173e-01 7.314717042971203842e-01 5.350508541873328028e+00 6.716770257778812869e+00 9.447320346528112367e+00
1.068578875259300204e-01 1.009520695010730051e+00 4.554452887685696560e-01 7.042658429341897008e-01 4.959903775238069024e+00 8.273618151935206555e+00 2.174946405636217150e+01
1.061849825800226521e-01 1.003163546423980979e+00 4.497272937857973996e-01 6.954239717901867790e-01 4.928670294408009411e+00 9.211592236207094331e+00 2.161250344191237716e+01
1.068578875259300204e-01 1.009520695010730051e+00 4.554452887685696560e-01 6.910447514915765144e-01 5.054796821191235523e+00 9.269967025417550133e+00 2.174946405636217150e+01
1.028834878923045731e-01 1.028834878923043705e+00 4.913127387829677173e-01 7.314717042971203842e-01 4.775428485640557774e+00 7.965894822257479468e+00 7.965894822257479468e+00
1.028834878923045731e-01 1.028834878923043705e+00 4.641588833612781961e-01 6.910447514915765144e-01 5.054796821191235523e+00 9.447320346528112367e+00 9.447320346528112367e+00
1.009520695010732161e-01 1.009520695010730051e+00 4.730391867389900362e-01 7.177398807432411321e-01 4.959903775238069024e+00 8.925186172992384925e+00 7.965894822257479468e+00
1.028834878923045731e-01 1.009520695010730051e+00 4.820893883797914281e-01 7.314717042971203842e-01 5.054796821191235523e+00 9.269967025417550133e+00 7.965894822257479468e+00
1.009520695010732161e-01 1.009520695010730051e+00 4.820893883797914281e-01 7.314717042971203842e-01 4.775428485640557774e+00 9.269967025417550133e+00 7.965894822257479468e+00
1.003163546423982144e-01 1.003163546423980979e+00 3.582480320996159207e-01 7.791702697413069867e-01 4.928670294408009411e+00 1.006337100873940926e+01 7.767131017856920394e+00
1.009520695010732161e-01 1.009520695010730051e+00 3.988623514554384131e-01 7.742636826811269968e-01 4.959903775238069024e+00 1.000000000000000000e+01 6.590677199783643303e+00
1.009520695010732161e-01 1.009520695010730051e+00 3.988623514554384131e-01 7.742636826811269968e-01 4.959903775238069024e+00 1.000000000000000000e+01 6.590677199783643303e+00
1.197262280637705623e-01 1.009520695010730051e+00 4.468952733584371506e-01 7.742636826811269968e-01 4.685779985262819913e+00 1.038630102021673451e+01 5.771874406028239868e+00
1.109858186228773191e-01 1.028834878923043705e+00 4.913127387829677173e-01 5.007125506364689116e-01 4.685779985262819913e+00 1.000000000000000000e+01 5.882302101416526874e+00
1.068578875259300204e-01 1.109858186228770860e+00 4.385057662800772027e-01 4.385057662800772027e-01 4.866792144144638677e+00 1.000000000000000000e+01 5.151505364093198480e+00
1.089022962263730548e-01 1.131092030399923454e+00 4.385057662800772027e-01 4.385057662800772027e-01 4.866792144144638677e+00 1.019132033654947556e+01 5.452874651367544345e+00
1.089022962263730548e-01 1.009520695010730051e+00 2.174946405636221658e-01 8.352388746995039748e-01 5.452874651367544345e+00 8.925186172992384925e+00 1.038630102021673451e+01
1.197262280637705623e-01 1.009520695010730051e+00 2.174946405636221658e-01 9.358223554226084984e-01 5.882302101416526874e+00 9.269967025417550133e+00 9.269967025417550133e+00
1.220168342884669355e-01 7.042658429341897008e-01 2.302183397893892425e-01 1.220168342884666801e+00 5.557199232713742276e+00 9.447320346528112367e+00 9.447320346528112367e+00
1.243512644685443036e-01 7.454662455613763061e-01 2.302183397893892425e-01 1.174786230930174424e+00 5.663519755461281946e+00 9.447320346528112367e+00 9.447320346528112367e+00
1.220168342884669355e-01 7.042658429341897008e-01 2.302183397893892425e-01 1.243512644685440538e+00 5.882302101416526874e+00 9.447320346528112367e+00 8.593228865232832803e+00
1.393262415576616842e-01 5.102922000067026120e-01 3.559920744137322624e-01 1.316259636672986399e+00 5.350508541873328028e+00 1.058501208088596002e+01 8.593228865232832803e+00
1.341442360340468487e-01 4.913127387829677173e-01 3.559920744137322624e-01 1.267303570453920392e+00 4.959903775238069024e+00 1.038630102021673451e+01 7.816352110618194793e+00
1.291549665014883885e-01 4.913127387829677173e-01 3.493090813140522499e-01 1.220168342884666801e+00 4.775428485640557774e+00 1.000000000000000000e+01 6.716770257778812869e+00
1.220168342884669355e-01 4.641588833612781961e-01 3.493090813140522499e-01 1.220168342884666801e+00 4.775428485640557774e+00 1.000000000000000000e+01 7.109709432312438793e+00
1.291549665014883885e-01 4.641588833612781961e-01 3.559920744137322624e-01 1.197262280637704457e+00 4.685779985262819913e+00 1.058501208088596002e+01 6.716770257778812869e+00
1.243512644685443036e-01 4.385057662800772027e-01 4.064933993871770457e-01 1.152732121192380221e+00 4.103634990666164661e+00 1.000000000000000000e+01 6.716770257778812869e+00
1.267303570453920392e-01 4.554452887685696560e-01 3.559920744137322624e-01 1.220168342884666801e+00 4.685779985262819913e+00 1.038630102021673451e+01 6.590677199783643303e+00
1.291549665014883885e-01 4.641588833612781961e-01 3.559920744137322624e-01 1.220168342884666801e+00 4.685779985262819913e+00 1.038630102021673451e+01 6.466951270432789833e+00
1.243512644685443036e-01 4.385057662800772027e-01 4.064933993871770457e-01 1.152732121192380221e+00 4.103634990666164661e+00 1.019132033654947556e+01 6.466951270432789833e+00
1.267303570453920392e-01 4.385057662800772027e-01 4.064933993871770457e-01 1.174786230930174424e+00 4.026597982549082744e+00 1.038630102021673451e+01 6.590677199783643303e+00
1.267303570453920392e-01 4.554452887685696560e-01 3.559920744137322624e-01 1.243512644685440538e+00 4.685779985262819913e+00 1.038630102021673451e+01 6.845275732403202085e+00
1.291549665014883885e-01 4.641588833612781961e-01 3.493090813140522499e-01 1.291549665014882775e+00 4.775428485640557774e+00 1.058501208088596002e+01 7.109709432312438793e+00
1.291549665014883885e-01 4.641588833612781961e-01 3.493090813140522499e-01 1.220168342884666801e+00 4.775428485640557774e+00 1.058501208088596002e+01 7.109709432312438793e+00
1.197262280637705623e-01 7.177398807432411321e-01 2.436863907912196481e-01 1.109858186228770860e+00 4.685779985262819913e+00 9.812271295345924571e+00 5.452874651367544345e+00
1.197262280637705623e-01 7.314717042971203842e-01 2.483486070210904895e-01 1.109858186228770860e+00 4.685779985262819913e+00 9.812271295345924571e+00 5.452874651367544345e+00
1.419918359001606512e-01 1.009520695010730051e+00 2.628773005589453149e-01 9.905690937711475463e-01 4.511500269578196942e+00 1.038630102021673451e+01 5.054796821191235523e+00
1.197262280637705623e-01 7.042658429341897008e-01 2.628773005589453149e-01 1.131092030399923454e+00 4.685779985262819913e+00 9.812271295345924571e+00 5.663519755461281946e+00
1.220168342884669355e-01 7.454662455613763061e-01 2.730322774987197776e-01 1.028834878923043705e+00 4.685779985262819913e+00 1.000000000000000000e+01 5.663519755461281946e+00
1.267303570453920392e-01 8.195590434970990712e-01 2.679066779203613802e-01 1.009520695010730051e+00 4.685779985262819913e+00 9.628066797346978234e+00 5.557199232713742276e+00
1.267303570453920392e-01 8.195590434970990712e-01 2.679066779203613802e-01 1.009520695010730051e+00 4.343702595174778303e+00 9.812271295345924571e+00 5.557199232713742276e+00
1.419918359001606512e-01 9.010160148459478435e-01 2.782559402207128718e-01 1.009520695010730051e+00 4.511500269578196942e+00 9.628066797346978234e+00 5.350508541873328028e+00
1.419918359001606512e-01 9.010160148459478435e-01 2.835795422337052396e-01 1.009520695010730051e+00 4.511500269578196942e+00 9.812271295345924571e+00 5.452874651367544345e+00
1.419918359001606512e-01 8.675042376416171042e-01 2.890049955795759851e-01 1.009520695010730051e+00 4.685779985262819913e+00 9.812271295345924571e+00 5.557199232713742276e+00
1.341442360340468487e-01 1.048518582451985370e+00 2.782559402207128718e-01 9.010160148459478435e-01 4.426806459412763850e+00 9.628066797346978234e+00 2.174946405636217150e+01
1.341442360340468487e-01 1.068578875259299066e+00 3.001692880435883337e-01 7.742636826811269968e-01 4.511500269578196942e+00 9.812271295345924571e+00 2.174946405636217150e+01
1.683982013661977639e-01 1.009520695010730051e+00 3.493090813140522499e-01 7.597285308600862930e-01 5.054796821191235523e+00 1.120424807525021826e+01 5.557199232713742276e+00
1.447084284833307921e-01 1.009520695010730051e+00 3.559920744137322624e-01 7.177398807432411321e-01 4.685779985262819913e+00 1.058501208088596002e+01 5.250064138092694677e+00
1.291549665014883885e-01 1.009520695010730051e+00 3.177295540252332851e-01 6.653425027316949292e-01 4.511500269578196942e+00 1.000000000000000000e+01 2.174946405636217150e+01
1.267303570453920392e-01 1.009520695010730051e+00 3.001692880435883337e-01 7.177398807432411321e-01 4.511500269578196942e+00 9.447320346528112367e+00 2.174946405636217150e+01
1.291549665014883885e-01 1.089022962263728189e+00 2.782559402207128718e-01 7.742636826811269968e-01 4.262158829015316286e+00 1.000000000000000000e+01 2.346228848142262535e+01
1.367106880724677509e-01 1.028834878923043705e+00 2.730322774987197776e-01 7.742636826811269968e-01 4.597814444570081704e+00 1.019132033654947556e+01 2.174946405636217150e+01
1.393262415576616842e-01 1.009520695010730051e+00 2.782559402207128718e-01 7.890769215159876282e-01 4.597814444570081704e+00 1.019132033654947556e+01 2.174946405636217150e+01
1.341442360340468487e-01 1.089022962263728189e+00 2.782559402207128718e-01 7.597285308600862930e-01 4.597814444570081704e+00 1.000000000000000000e+01 2.174946405636217150e+01
1.393262415576616842e-01 1.028834878923043705e+00 2.835795422337052396e-01 7.742636826811269968e-01 4.597814444570081704e+00 1.019132033654947556e+01 2.174946405636217150e+01
1.393262415576616842e-01 1.009520695010730051e+00 2.835795422337052396e-01 8.195590434970990712e-01 4.597814444570081704e+00 1.019132033654947556e+01 5.151505364093198480e+00
1.393262415576616842e-01 1.009520695010730051e+00 2.890049955795759851e-01 8.195590434970990712e-01 4.597814444570081704e+00 1.038630102021673451e+01 5.151505364093198480e+00
1.393262415576616842e-01 1.009520695010730051e+00 2.945342488814530202e-01 8.041735677347763289e-01 4.597814444570081704e+00 1.038630102021673451e+01 5.151505364093198480e+00
1.393262415576616842e-01 1.009520695010730051e+00 2.945342488814530202e-01 8.041735677347763289e-01 4.597814444570081704e+00 1.058501208088596002e+01 5.452874651367544345e+00
1.393262415576616842e-01 1.009520695010730051e+00 2.945342488814530202e-01 8.195590434970990712e-01 4.597814444570081704e+00 1.058501208088596002e+01 5.350508541873328028e+00
1.502985298390380475e-01 1.009520695010730051e+00 3.117648582644865218e-01 8.352388746995039748e-01 4.597814444570081704e+00 1.078752488825551836e+01 5.350508541873328028e+00
1.474769950072288838e-01 1.009520695010730051e+00 3.001692880435883337e-01 8.841013579119879617e-01 4.597814444570081704e+00 1.078752488825551836e+01 5.350508541873328028e+00
1.474769950072288838e-01 1.009520695010730051e+00 3.001692880435883337e-01 8.841013579119879617e-01 4.597814444570081704e+00 1.058501208088596002e+01 5.151505364093198480e+00
1.474769950072288838e-01 1.009520695010730051e+00 3.001692880435883337e-01 8.841013579119879617e-01 4.597814444570081704e+00 1.078752488825551836e+01 5.350508541873328028e+00
1.474769950072288838e-01 1.009520695010730051e+00 3.177295540252332851e-01 8.352388746995039748e-01 4.597814444570081704e+00 1.099391217747127669e+01 5.350508541873328028e+00
1.474769950072288838e-01 1.009520695010730051e+00 3.177295540252332851e-01 8.675042376416171042e-01 4.597814444570081704e+00 1.058501208088596002e+01 5.350508541873328028e+00
1.474769950072288838e-01 1.009520695010730051e+00 3.177295540252332851e-01 8.675042376416171042e-01 4.597814444570081704e+00 1.078752488825551836e+01 5.350508541873328028e+00
1.393262415576616842e-01 1.009520695010730051e+00 3.238083665460165239e-01 8.195590434970990712e-01 4.597814444570081704e+00 1.058501208088596002e+01 5.452874651367544345e+00
1.393262415576616842e-01 1.009520695010730051e+00 3.300034791125291966e-01 8.041735677347763289e-01 4.597814444570081704e+00 1.058501208088596002e+01 5.452874651367544345e+00
1.393262415576616842e-01 1.009520695010730051e+00 3.300034791125291966e-01 8.195590434970990712e-01 4.597814444570081704e+00 1.078752488825551836e+01 5.452874651367544345e+00
1.393262415576616842e-01 1.009520695010730051e+00 3.300034791125291966e-01 8.041735677347763289e-01 4.597814444570081704e+00 1.078752488825551836e+01 5.452874651367544345e+00
1.393262415576616842e-01 1.009520695010730051e+00 3.300034791125291966e-01 8.195590434970990712e-01 4.597814444570081704e+00 1.078752488825551836e+01 5.452874651367544345e+00
1.393262415576616842e-01 1.009520695010730051e+00 3.300034791125291966e-01 8.195590434970990712e-01 4.597814444570081704e+00 1.078752488825551836e+01 6.109536031716551463e+00
1.393262415576616842e-01 1.009520695010730051e+00 3.300034791125291966e-01 8.195590434970990712e-01 4.597814444570081704e+00 1.078752488825551836e+01 6.109536031716551463e+00
1.367106880724677509e-01 1.009520695010730051e+00 3.238083665460165239e-01 7.890769215159876282e-01 4.597814444570081704e+00 1.078752488825551836e+01 6.109536031716551463e+00
1.367106880724677509e-01 1.028834878923043705e+00 3.300034791125291966e-01 7.742636826811269968e-01 4.511500269578196942e+00 1.058501208088596002e+01 6.345548031926864674e+00
