1.000000000000000000e+00 2.000000000000000111e-01 2.000000000000000111e-01 2.000000000000000111e-01 2.000000000000000111e-01 2.000000000000000111e-01 2.000000000000000111e-01 2.000000000000000111e-01
3.804056104782507219e-01 1.000000000000000056e-01 1.000000000000000056e-01 1.000000000000000056e-01 1.000000000000000056e-01 1.000000000000000056e-01 1.000000000000000056e-01 1.000000000000000056e-01
3.207545602050024813e-01 1.000000000000000056e-01 1.000000000000000056e-01 1.000000000000000056e-01 1.000000000000000056e-01 1.000000000000000056e-01 1.000000000000000056e-01 1.000000000000000056e-01
3.030271082866396459e-01 1.000000000000000056e-01 1.000000000000000056e-01 1.000000000000000056e-01 1.000000000000000056e-01 1.000000000000000056e-01 1.000000000000000056e-01 1.000000000000000056e-01
2.862794165665950574e-01 1.000000000000000056e-01 1.000000000000000056e-01 1.000000000000000056e-01 1.000000000000000056e-01 1.000000000000000056e-01 1.000000000000000056e-01 1.000000000000000056e-01
1.143063655021687580e-01 9.996491112492360553e-01 9.996491112492360553e-01 9.996491112492360553e-01 9.996491112492360553e-01 9.996491112492360553e-01 9.996491112492360553e-01 9.996491112492360553e-01
1.045578887618600072e-01 9.996491112492360553e-01 9.996491112492360553e-01 9.996491112492360553e-01 9.996491112492360553e-01 9.996491112492360553e-01 9.996491112492360553e-01 9.996491112492360553e-01
1.164115407148287734e-01 9.996491112492360553e-01 9.996491112492360553e-01 9.996491112492360553e-01 9.996491112492360553e-01 9.996491112492360553e-01 9.996491112492360553e-01 9.996491112492360553e-01
1.123969323418207295e-01 3.147330763950848986e+00 2.209567484153518002e+00 3.227872142087971685e+00 1.673377650689355844e+00 2.791362158053487530e+00 1.805160305426201317e+00 2.620482986009947446e+00
1.152732121192381470e-01 1.683982013661976085e+00 2.280471722146727220e+00 2.074304110614849428e+00 1.367106880724677564e+00 2.195653407028963500e+00 3.804056104782499670e+00 2.413882072904201426e+00
1.003163546423982144e-01 5.845260098537671922e+00 1.631623784303808833e+00 1.259323112854873861e+00 2.523018523061509644e+00 1.839696693142194750e+00 3.395190894769211098e+00 3.088246331207407547e+00
1.028834878923045731e-01 2.779631323499684115e+00 1.155161988869783274e+00 6.001157502786514941e-01 1.669857723350440359e+00 2.480872705451600435e+00 3.756297187833022910e+00 2.480872705451600435e+00
1.020205592864972532e-01 1.669857723350440359e+00 5.876112172993014360e-01 1.001053405422034137e+00 4.646478308456963191e+00 4.775428485640557774e+00 4.646478308456963191e+00 5.140669241978043758e+00
1.003163546423982144e-01 1.673377650689355844e+00 5.900911037194245257e-01 1.003163546423980979e+00 5.217003460901254108e+00 6.187214875894190946e+00 5.086829578544399766e+00 6.187214875894190946e+00
1.003163546423982144e-01 2.791362158053487530e+00 1.009520695010730051e+00 5.975937347962327895e-01 1.727075746831668424e+00 7.767131017856920394e+00 4.928670294408009411e+00 9.211592236207094331e+00
1.000351011916896932e-01 9.996491112492360553e-01 9.996491112492360553e-01 9.996491112492360553e-01 9.996491112492360553e-01 9.192215776067442334e+00 5.510588583285731978e+00 9.211592236207094331e+00
1.003163546423982144e-01 2.791362158053487530e+00 1.061849825800226466e+00 5.975937347962327895e-01 1.984577386411288336e+00 7.767131017856920394e+00 5.217003460901254108e+00 1.099391217747127669e+01
1.003163546423982144e-01 2.862794165665939250e+00 1.068578875259299066e+00 5.975937347962327895e-01 2.113989766669737591e+00 5.771874406028239868e+00 5.250064138092694677e+00 1.099391217747127669e+01
1.003163546423982144e-01 2.791362158053487530e+00 1.061849825800226466e+00 5.863751850219651729e-01 1.984577386411288336e+00 4.836145005404385522e+00 6.549174420837760913e+00 1.099391217747127669e+01
1.003163546423982144e-01 2.899192762998532569e+00 1.145473142340972972e+00 5.645659449698173793e-01 1.984577386411288336e+00 5.217003460901254108e+00 6.549174420837760913e+00 1.295635542339034529e+01
1.009520695010732161e-01 2.809051301624773789e+00 1.089022962263728189e+00 5.717440399740296719e-01 1.851355036664096065e+00 6.226423880691492663e+00 7.816352110618194793e+00 1.038630102021673451e+01
1.003163546423982144e-01 2.791362158053487530e+00 1.089022962263728189e+00 5.717440399740296719e-01 1.851355036664096065e+00 6.590677199783643303e+00 7.767131017856920394e+00 1.058501208088596002e+01
1.028834878923045731e-01 4.685779985262819913e+00 7.597285308600862930e-01 7.314717042971203842e-01 1.531740463702079724e+00 1.303846115466700084e+01 5.151505364093198480e+00 1.141860812650431001e+01
1.003163546423982144e-01 1.341442360340468598e+00 5.975937347962327895e-01 1.003163546423980979e+00 7.767131017856920394e+00 1.451662203147789931e+01 5.522204465966385811e+00 1.295635542339034529e+01
1.003163546423982144e-01 1.116891469510671753e+00 1.003163546423980979e+00 7.087288466229354489e-01 4.626951258504984565e+00 1.451662203147789931e+01 5.522204465966385811e+00 1.045212005748898498e+01
1.048518582451988534e-01 1.316259636672986399e+00 1.009520695010730051e+00 7.042658429341897008e-01 4.597814444570081704e+00 1.546323697492581672e+01 4.685779985262819913e+00 1.141860812650431001e+01
1.003163546423982144e-01 1.474769950072285951e+00 6.285703763467083149e-01 1.003163546423980979e+00 8.273618151935206555e+00 2.161250344191237716e+01 4.959903775238069024e+00 1.406527242105233455e+01
1.009520695010732161e-01 1.393262415576615343e+00 6.167703060931604142e-01 1.009520695010730051e+00 1.303846115466700084e+01 1.460861532964024789e+01 5.882302101416526874e+00 1.354213823927741345e+01
1.003163546423982144e-01 1.447084284833306311e+00 5.975937347962327895e-01 1.003163546423980979e+00 1.295635542339034529e+01 1.536586195768491692e+01 5.994842503189408589e+00 2.161250344191237716e+01
1.003163546423982144e-01 1.341442360340468598e+00 5.975937347962327895e-01 1.003163546423980979e+00 9.211592236207094331e+00 2.161250344191237716e+01 6.187214875894190946e+00 1.328791343228684418e+01
1.009520695010732161e-01 1.447084284833306311e+00 6.405962059414785914e-01 1.009520695010730051e+00 4.685779985262819913e+00 1.328791343228684418e+01 8.593228865232832803e+00 2.174946405636217150e+01
1.009520695010732161e-01 1.447084284833306311e+00 6.405962059414785914e-01 1.009520695010730051e+00 7.816352110618194793e+00 1.406527242105233455e+01 8.757634809087171845e+00 1.406527242105233455e+01
1.009520695010732161e-01 1.174786230930174424e+00 1.009520695010730051e+00 6.285703763467083149e-01 5.557199232713742276e+00 1.380122688383127816e+01 9.812271295345924571e+00 1.078752488825551836e+01
1.009520695010732161e-01 1.131092030399923454e+00 1.009520695010730051e+00 6.653425027316949292e-01 6.109536031716551463e+00 1.433436968637794351e+01 1.000000000000000000e+01 7.669616744933560604e+00
1.189722886692696630e-01 9.067258442210637259e-01 1.003163546423980979e+00 7.501903403576167806e-01 7.767131017856920394e+00 2.161250344191237716e+01 1.295635542339034529e+01 5.250064138092694677e+00
1.028834878923045731e-01 8.352388746995039748e-01 1.003163546423980979e+00 5.975937347962327895e-01 4.685779985262819913e+00 2.174946405636217150e+01 1.303846115466700084e+01 5.557199232713742276e+00
1.048518582451988534e-01 8.675042376416171042e-01 1.009520695010730051e+00 5.938305705685101854e-01 4.866792144144638677e+00 2.174946405636217150e+01 1.303846115466700084e+01 5.771874406028239868e+00
1.152732121192381470e-01 7.890769215159876282e-01 1.009520695010730051e+00 5.938305705685101854e-01 4.685779985262819913e+00 2.174946405636217150e+01 1.303846115466700084e+01 5.250064138092694677e+00
1.204849452482671390e-01 8.620413943679935409e-01 1.003163546423980979e+00 5.975937347962327895e-01 4.656272715368948489e+00 2.161250344191237716e+01 2.161250344191237716e+01 5.919578843204197582e+00
1.189722886692696630e-01 8.675042376416171042e-01 1.003163546423980979e+00 5.975937347962327895e-01 4.656272715368948489e+00 2.161250344191237716e+01 2.161250344191237716e+01 5.994842503189408589e+00
1.673377650689361062e-01 9.010160148459478435e-01 1.003163546423980979e+00 7.087288466229354489e-01 4.656272715368948489e+00 2.161250344191237716e+01 2.161250344191237716e+01 6.305588879130216817e+00
1.028834878923045731e-01 1.220168342884666801e+00 5.826826661888296899e-01 6.528521141127840988e-01 4.775428485640557774e+00 1.575908014514456035e+01 1.406527242105233455e+01 2.216557553466561004e+01
1.009520695010732161e-01 1.220168342884666801e+00 5.826826661888296899e-01 7.177398807432411321e-01 5.054796821191235523e+00 1.546323697492581672e+01 1.380122688383127816e+01 2.174946405636217150e+01
1.009520695010732161e-01 1.243512644685440538e+00 5.826826661888296899e-01 6.910447514915765144e-01 5.557199232713742276e+00 1.460861532964024789e+01 1.406527242105233455e+01 2.174946405636217150e+01
1.009520695010732161e-01 1.267303570453920392e+00 5.938305705685101854e-01 6.780718578860268630e-01 5.557199232713742276e+00 1.460861532964024789e+01 1.380122688383127816e+01 2.174946405636217150e+01
1.009520695010732161e-01 1.197262280637704457e+00 5.610107631722284216e-01 7.042658429341897008e-01 5.557199232713742276e+00 1.279369181234221564e+01 1.328791343228684418e+01 2.174946405636217150e+01
1.009520695010732161e-01 1.197262280637704457e+00 5.401449101852833223e-01 7.042658429341897008e-01 5.557199232713742276e+00 1.120424807525021826e+01 1.303846115466700084e+01 2.174946405636217150e+01
1.009520695010732161e-01 1.197262280637704457e+00 5.401449101852833223e-01 7.042658429341897008e-01 5.557199232713742276e+00 1.141860812650431001e+01 1.303846115466700084e+01 2.174946405636217150e+01
1.009520695010732161e-01 1.131092030399923454e+00 5.504789807854978401e-01 7.454662455613763061e-01 5.054796821191235523e+00 1.279369181234221564e+01 1.303846115466700084e+01 2.174946405636217150e+01
1.009520695010732161e-01 1.068578875259299066e+00 5.504789807854978401e-01 7.314717042971203842e-01 4.685779985262819913e+00 9.269967025417550133e+00 1.303846115466700084e+01 2.174946405636217150e+01
1.009520695010732161e-01 1.068578875259299066e+00 5.504789807854978401e-01 7.177398807432411321e-01 4.685779985262819913e+00 9.447320346528112367e+00 1.303846115466700084e+01 2.174946405636217150e+01
1.009520695010732161e-01 1.048518582451985370e+00 5.610107631722284216e-01 7.177398807432411321e-01 4.685779985262819913e+00 9.269967025417550133e+00 1.303846115466700084e+01 2.174946405636217150e+01
1.009520695010732161e-01 1.048518582451985370e+00 5.610107631722284216e-01 7.177398807432411321e-01 4.685779985262819913e+00 9.269967025417550133e+00 1.303846115466700084e+01 2.174946405636217150e+01
1.028834878923045731e-01 1.220168342884666801e+00 5.826826661888296899e-01 6.528521141127840988e-01 4.775428485640557774e+00 1.000000000000000000e+01 1.328791343228684418e+01 2.216557553466561004e+01
1.009520695010732161e-01 1.109858186228770860e+00 5.401449101852833223e-01 7.177398807432411321e-01 4.685779985262819913e+00 1.120424807525021826e+01 1.303846115466700084e+01 2.174946405636217150e+01
1.009520695010732161e-01 1.197262280637704457e+00 5.504789807854978401e-01 6.910447514915765144e-01 4.685779985262819913e+00 1.058501208088596002e+01 1.163706932147327322e+01 2.174946405636217150e+01
1.009520695010732161e-01 1.197262280637704457e+00 5.401449101852833223e-01 6.910447514915765144e-01 4.685779985262819913e+00 1.058501208088596002e+01 1.163706932147327322e+01 2.174946405636217150e+01
1.009520695010732161e-01 1.197262280637704457e+00 5.401449101852833223e-01 7.042658429341897008e-01 4.685779985262819913e+00 1.099391217747127669e+01 1.163706932147327322e+01 2.174946405636217150e+01
1.009520695010732161e-01 1.197262280637704457e+00 5.401449101852833223e-01 7.042658429341897008e-01 4.685779985262819913e+00 1.303846115466700084e+01 1.141860812650431001e+01 2.174946405636217150e+01
1.009520695010732161e-01 1.131092030399923454e+00 5.200551275510891802e-01 7.314717042971203842e-01 4.685779985262819913e+00 1.303846115466700084e+01 1.303846115466700084e+01 2.174946405636217150e+01
1.009520695010732161e-01 1.068578875259299066e+00 5.401449101852833223e-01 7.742636826811269968e-01 4.685779985262819913e+00 1.546323697492581672e+01 1.303846115466700084e+01 2.174946405636217150e+01
1.009520695010732161e-01 1.028834878923043705e+00 5.102922000067026120e-01 8.041735677347763289e-01 4.685779985262819913e+00 2.174946405636217150e+01 1.303846115466700084e+01 2.174946405636217150e+01
1.009520695010732161e-01 1.068578875259299066e+00 5.102922000067026120e-01 7.890769215159876282e-01 4.685779985262819913e+00 2.174946405636217150e+01 1.303846115466700084e+01 2.174946405636217150e+01
1.009520695010732161e-01 1.068578875259299066e+00 5.401449101852833223e-01 7.890769215159876282e-01 4.685779985262819913e+00 2.174946405636217150e+01 1.303846115466700084e+01 2.174946405636217150e+01
1.009520695010732161e-01 1.068578875259299066e+00 5.401449101852833223e-01 7.890769215159876282e-01 4.685779985262819913e+00 2.174946405636217150e+01 1.303846115466700084e+01 2.174946405636217150e+01
1.009520695010732161e-01 1.068578875259299066e+00 5.200551275510891802e-01 7.890769215159876282e-01 4.685779985262819913e+00 2.174946405636217150e+01 1.303846115466700084e+01 2.174946405636217150e+01
1.009520695010732161e-01 1.068578875259299066e+00 5.200551275510891802e-01 7.890769215159876282e-01 4.685779985262819913e+00 2.174946405636217150e+01 1.303846115466700084e+01 2.174946405636217150e+01
1.009520695010732161e-01 1.131092030399923454e+00 5.300048397538257294e-01 7.597285308600862930e-01 4.685779985262819913e+00 2.174946405636217150e+01 1.328791343228684418e+01 2.174946405636217150e+01
1.009520695010732161e-01 1.131092030399923454e+00 5.300048397538257294e-01 7.597285308600862930e-01 4.685779985262819913e+00 2.174946405636217150e+01 1.303846115466700084e+01 2.174946405636217150e+01
1.009520695010732161e-01 1.109858186228770860e+00 5.300048397538257294e-01 7.742636826811269968e-01 4.685779985262819913e+00 2.174946405636217150e+01 1.328791343228684418e+01 2.174946405636217150e+01
1.009520695010732161e-01 1.131092030399923454e+00 5.200551275510891802e-01 7.742636826811269968e-01 4.685779985262819913e+00 2.174946405636217150e+01 1.328791343228684418e+01 2.174946405636217150e+01
1.009520695010732161e-01 1.009520695010730051e+00 5.102922000067026120e-01 8.195590434970990712e-01 4.685779985262819913e+00 2.174946405636217150e+01 1.460861532964024789e+01 2.174946405636217150e+01
1.068578875259300204e-01 1.009520695010730051e+00 4.730391867389900362e-01 8.352388746995039748e-01 4.685779985262819913e+00 2.174946405636217150e+01 2.174946405636217150e+01 2.174946405636217150e+01
1.009520695010732161e-01 1.009520695010730051e+00 4.641588833612781961e-01 8.195590434970990712e-01 4.685779985262819913e+00 2.174946405636217150e+01 1.546323697492581672e+01 2.174946405636217150e+01
1.009520695010732161e-01 1.009520695010730051e+00 4.641588833612781961e-01 8.195590434970990712e-01 4.685779985262819913e+00 2.174946405636217150e+01 1.546323697492581672e+01 2.174946405636217150e+01
1.089022962263730548e-01 1.009520695010730051e+00 5.102922000067026120e-01 8.195590434970990712e-01 4.685779985262819913e+00 2.174946405636217150e+01 2.174946405636217150e+01 2.174946405636217150e+01
1.089022962263730548e-01 1.009520695010730051e+00 5.401449101852833223e-01 7.890769215159876282e-01 4.685779985262819913e+00 2.174946405636217150e+01 2.174946405636217150e+01 2.174946405636217150e+01
1.089022962263730548e-01 1.009520695010730051e+00 5.300048397538257294e-01 8.041735677347763289e-01 4.685779985262819913e+00 2.174946405636217150e+01 2.174946405636217150e+01 2.174946405636217150e+01
1.009520695010732161e-01 6.528521141127840988e-01 4.221962808766405728e-01 1.028834878923043705e+00 4.685779985262819913e+00 2.174946405636217150e+01 2.174946405636217150e+01 5.557199232713742276e+00
1.009520695010732161e-01 6.653425027316949292e-01 4.221962808766405728e-01 1.028834878923043705e+00 4.685779985262819913e+00 2.174946405636217150e+01 2.174946405636217150e+01 5.557199232713742276e+00
1.009520695010732161e-01 6.528521141127840988e-01 4.221962808766405728e-01 1.028834878923043705e+00 4.685779985262819913e+00 2.174946405636217150e+01 2.174946405636217150e+01 5.557199232713742276e+00
1.197262280637705623e-01 6.910447514915765144e-01 5.610107631722284216e-01 1.009520695010730051e+00 4.685779985262819913e+00 2.174946405636217150e+01 2.174946405636217150e+01 5.771874406028239868e+00
1.716200014221690440e-01 7.314717042971203842e-01 1.028834878923043705e+00 7.742636826811269968e-01 4.262158829015316286e+00 2.346228848142262535e+01 2.216557553466561004e+01 7.109709432312438793e+00
1.716200014221690440e-01 7.314717042971203842e-01 1.028834878923043705e+00 7.742636826811269968e-01 4.262158829015316286e+00 2.346228848142262535e+01 2.216557553466561004e+01 7.109709432312438793e+00
1.009520695010732161e-01 6.051917570299649718e-01 5.200551275510891802e-01 1.009520695010730051e+00 4.685779985262819913e+00 2.174946405636217150e+01 2.174946405636217150e+01 5.350508541873328028e+00
1.009520695010732161e-01 6.285703763467083149e-01 5.200551275510891802e-01 1.009520695010730051e+00 4.685779985262819913e+00 2.174946405636217150e+01 2.174946405636217150e+01 5.250064138092694677e+00
1.009520695010732161e-01 6.528521141127840988e-01 5.007125506364689116e-01 1.009520695010730051e+00 4.685779985262819913e+00 2.174946405636217150e+01 2.174946405636217150e+01 4.959903775238069024e+00
1.009520695010732161e-01 6.528521141127840988e-01 5.007125506364689116e-01 1.009520695010730051e+00 4.685779985262819913e+00 2.174946405636217150e+01 2.174946405636217150e+01 4.959903775238069024e+00
1.009520695010732161e-01 6.528521141127840988e-01 5.007125506364689116e-01 1.009520695010730051e+00 4.685779985262819913e+00 2.174946405636217150e+01 2.174946405636217150e+01 4.959903775238069024e+00
1.009520695010732161e-01 6.653425027316949292e-01 5.200551275510891802e-01 1.009520695010730051e+00 4.685779985262819913e+00 2.174946405636217150e+01 2.174946405636217150e+01 4.775428485640557774e+00
1.009520695010732161e-01 6.528521141127840988e-01 5.300048397538257294e-01 1.009520695010730051e+00 4.685779985262819913e+00 2.174946405636217150e+01 2.174946405636217150e+01 4.959903775238069024e+00
1.009520695010732161e-01 6.653425027316949292e-01 5.300048397538257294e-01 1.009520695010730051e+00 4.685779985262819913e+00 2.174946405636217150e+01 2.174946405636217150e+01 4.959903775238069024e+00
1.009520695010732161e-01 7.042658429341897008e-01 5.300048397538257294e-01 1.009520695010730051e+00 4.685779985262819913e+00 2.174946405636217150e+01 2.174946405636217150e+01 4.685779985262819913e+00
1.009520695010732161e-01 7.042658429341897008e-01 5.401449101852833223e-01 1.009520695010730051e+00 4.685779985262819913e+00 2.174946405636217150e+01 2.174946405636217150e+01 4.685779985262819913e+00
1.009520695010732161e-01 7.042658429341897008e-01 5.300048397538257294e-01 1.009520695010730051e+00 4.685779985262819913e+00 2.174946405636217150e+01 2.174946405636217150e+01 4.685779985262819913e+00
1.009520695010732161e-01 6.910447514915765144e-01 4.913127387829677173e-01 1.048518582451985370e+00 4.685779985262819913e+00 2.174946405636217150e+01 2.174946405636217150e+01 4.685779985262819913e+00
1.220168342884669355e-01 7.314717042971203842e-01 5.504789807854978401e-01 1.028834878923043705e+00 4.775428485640557774e+00 2.216557553466561004e+01 2.216557553466561004e+01 5.054796821191235523e+00
1.197262280637705623e-01 7.742636826811269968e-01 5.504789807854978401e-01 1.009520695010730051e+00 4.775428485640557774e+00 2.174946405636217150e+01 2.174946405636217150e+01 4.775428485640557774e+00
1.683982013661977639e-01 1.009520695010730051e+00 6.528521141127840988e-01 8.352388746995039748e-01 5.557199232713742276e+00 2.174946405636217150e+01 2.174946405636217150e+01 5.151505364093198480e+00
1.683982013661977639e-01 1.009520695010730051e+00 6.405962059414785914e-01 8.352388746995039748e-01 5.557199232713742276e+00 2.174946405636217150e+01 2.174946405636217150e+01 5.250064138092694677e+00
1.683982013661977639e-01 1.009520695010730051e+00 6.405962059414785914e-01 8.352388746995039748e-01 5.557199232713742276e+00 2.174946405636217150e+01 2.174946405636217150e+01 5.054796821191235523e+00
