1.000000000000000000e+00 2.000000000000000111e-01 2.000000000000000111e-01 2.000000000000000111e-01 2.000000000000000111e-01
3.876835434204526920e-01 1.000000000000000056e-01 1.000000000000000056e-01 1.000000000000000056e-01 1.000000000000000056e-01
2.413882072904201537e-01 2.730322774987197776e-01 2.730322774987197776e-01 2.730322774987197776e-01 2.730322774987197776e-01
1.683982013661977639e-01 1.816599788375321101e+00 1.816599788375321101e+00 1.816599788375321101e+00 1.816599788375321101e+00
1.227900672756718770e-01 2.491342693687327525e+00 2.413882072904201426e+00 2.491342693687327525e+00 2.413882072904201426e+00
1.437971713033936727e-01 2.383576422758630464e+00 2.383576422758630464e+00 2.383576422758630464e+00 2.383576422758630464e+00
1.666345200131256754e-01 9.740221108717006526e-01 2.868828708195225285e+00 9.781327611359231788e-01 2.942243113965324675e+00
1.272651951870103770e-01 7.222882707687613424e-01 2.781583033414553263e+00 7.253365326489991105e-01 2.781583033414553263e+00
1.152732121192381470e-01 6.910447514915765144e-01 4.026597982549082744e+00 6.910447514915765144e-01 4.685779985262819913e+00
1.465483036242569148e-01 8.299792127053162716e-01 1.267303570453920392e+00 1.082165172403938946e+00 2.022546387758965558e+00
1.799678126343965678e-01 6.788655538419409163e-01 1.000116990285037089e+00 8.128752086172367219e-01 1.817450035674958997e+00
1.705392768219792243e-01 5.880238067780556577e-01 1.000351011916894794e+00 7.017985516738539653e-01 1.979013296287441825e+00
1.259323112854873750e-01 3.091499506637300776e-01 1.000351011916894794e+00 5.049477674030971031e-01 4.639960152305386387e+00
1.123180685421004826e-01 2.153678723134894446e-01 1.000351011916894794e+00 5.053023149849292794e-01 8.044558422403031983e+00
1.186387302296095514e-01 2.153678723134894446e-01 1.000351011916894794e+00 5.602237680515547158e-01 7.000765926506142378e+00
1.186387302296095514e-01 2.153678723134894446e-01 1.000351011916894794e+00 5.598306845916986019e-01 7.745354584605677495e+00
1.186387302296095514e-01 2.153678723134894446e-01 1.000351011916894794e+00 5.802339140859501532e-01 7.064938206231390794e+00
1.172315083924043988e-01 2.152167585028684771e-01 1.001053405422034137e+00 5.814570010523404386e-01 7.307019788706853980e+00
1.152732121192381470e-01 2.147640529514736885e-01 4.064933993871770457e-01 1.116891469510671753e+00 7.478245626367221455e+00
1.082165172403939946e-01 2.134116418494004797e-01 4.116617030466222515e-01 1.003163546423980979e+00 7.337857489914928699e+00
1.089022962263730548e-01 1.460861532964024823e-01 4.116617030466222515e-01 1.003163546423980979e+00 7.767131017856920394e+00
1.041915856566765358e-01 3.792059747728055985e-01 1.526910012990737309e-01 1.003163546423980979e+00 5.882302101416526874e+00
1.189722886692696630e-01 1.595944677276125157e-01 4.790535775349298309e-01 1.048518582451985370e+00 6.932309036439714411e+00
1.278022904976635343e-01 1.995052254638844669e-01 2.033221661517978229e-01 1.001053405422034137e+00 8.503229581455864050e+00
1.294272149039648323e-01 2.033221661517978229e-01 2.033221661517978229e-01 1.001053405422034137e+00 9.019651500013234013e+00
1.310727991851080576e-01 2.152167585028684771e-01 2.278071988761985744e-01 1.001053405422034137e+00 8.887677646176832980e+00
1.302474082206446226e-01 2.755350184658667545e-01 2.153678723134894446e-01 1.000351011916894794e+00 8.169745067178864062e+00
1.341442360340468487e-01 2.914495095055045226e-01 2.152167585028684771e-01 1.001053405422034137e+00 8.204223714371959630e+00
1.321814626608928955e-01 2.970255313300824151e-01 2.152167585028684771e-01 1.001053405422034137e+00 8.101221858401167708e+00
1.316259636672989231e-01 2.951551036647004356e-01 2.152167585028684771e-01 1.001053405422034137e+00 7.734489273873498050e+00
1.434946958912708959e-01 3.597599406603865235e-01 2.152167585028684771e-01 1.001053405422034137e+00 7.589290708619002679e+00
1.509328323712897657e-01 2.152167585028684771e-01 3.597599406603865235e-01 1.001053405422034137e+00 9.019651500013234013e+00
1.465483036242569148e-01 2.152167585028684771e-01 3.597599406603865235e-01 1.001053405422034137e+00 9.192215776067442334e+00
1.239156181978734728e-01 2.986980821091063665e-01 2.153678723134894446e-01 1.000351011916894794e+00 7.745354584605677495e+00
1.243512644685443036e-01 3.177295540252332851e-01 2.152167585028684771e-01 1.068578875259299066e+00 7.750792962425482102e+00
1.243512644685443036e-01 3.217692821469156361e-01 2.152167585028684771e-01 1.079888852546315725e+00 7.750792962425482102e+00
1.291549665014883885e-01 3.597599406603865235e-01 2.152167585028684771e-01 1.107523614489739794e+00 7.399923873177979949e+00
1.189722886692696630e-01 2.152167585028684771e-01 2.634314250116329692e-01 1.079888852546315725e+00 8.449683087378316415e+00
1.160037100925010584e-01 2.147640529514736885e-01 2.531000209287778691e-01 1.075350567383579481e+00 8.702486275703948948e+00
1.152732121192381470e-01 2.147640529514736885e-01 2.499224171956861140e-01 1.102869192902585560e+00 8.702486275703948948e+00
1.160037100925010584e-01 2.147640529514736885e-01 2.406269726914487261e-01 1.123969323418207322e+00 8.702486275703948948e+00
1.160037100925010584e-01 2.147640529514736885e-01 2.499224171956861140e-01 1.123969323418207322e+00 8.702486275703948948e+00
1.138259874694279583e-01 2.147640529514736885e-01 2.835795422337052396e-01 1.003163546423980979e+00 7.384358233027137786e+00
1.197262280637705623e-01 2.147640529514736885e-01 2.331454187771383191e-01 1.197262280637704457e+00 5.919578843204197582e+00
1.197262280637705623e-01 2.147640529514736885e-01 2.244739665481724489e-01 1.204849452482670058e+00 5.882302101416526874e+00
1.189722886692696630e-01 2.147640529514736885e-01 2.230604102275778877e-01 1.212484705000965279e+00 5.845260098537671922e+00
1.160037100925010584e-01 2.147640529514736885e-01 2.817937865824819421e-01 1.035354709333409895e+00 5.557199232713742276e+00
1.160037100925010584e-01 2.147640529514736885e-01 2.782559402207128718e-01 1.015918129489344013e+00 5.771874406028239868e+00
1.064088120823444145e-01 2.152167585028684771e-01 2.634314250116329692e-01 1.001053405422034137e+00 5.108297445770103806e+00
1.073088581955790044e-01 2.152167585028684771e-01 2.651008165252976556e-01 1.001053405422034137e+00 5.076129501072618844e+00
1.068578875259300204e-01 2.147640529514736885e-01 2.628773005589453149e-01 1.009520695010730051e+00 5.054796821191235523e+00
1.055163150477189393e-01 2.147640529514736885e-01 2.547039412926003221e-01 1.022356105155583395e+00 5.054796821191235523e+00
1.068578875259300204e-01 2.147640529514736885e-01 2.645431805300566541e-01 1.003163546423980979e+00 5.119065330712182060e+00
1.061849825800226521e-01 2.147640529514736885e-01 2.628773005589453149e-01 1.009520695010730051e+00 5.119065330712182060e+00
1.055163150477189393e-01 2.147640529514736885e-01 2.612219109587160526e-01 1.015918129489344013e+00 5.086829578544399766e+00
1.061849825800226521e-01 2.147640529514736885e-01 2.612219109587160526e-01 1.022356105155583395e+00 5.217003460901254108e+00
1.061849825800226521e-01 2.152167585028684771e-01 2.747625105830712733e-01 1.001053405422034137e+00 5.206029564422070877e+00
1.068578875259300204e-01 2.152167585028684771e-01 2.753416881136994121e-01 1.001053405422034137e+00 5.206029564422070877e+00
1.048518582451988534e-01 2.679066779203613802e-01 2.147640529514736885e-01 1.009520695010730051e+00 4.511500269578196942e+00
1.068578875259300204e-01 2.782559402207128718e-01 2.134116418494004797e-01 1.009520695010730051e+00 4.511500269578196942e+00
1.089022962263730548e-01 2.782559402207128718e-01 2.134116418494004797e-01 1.009520695010730051e+00 4.511500269578196942e+00
1.084446290562870452e-01 2.896141951363996880e-01 2.152167585028684771e-01 1.001053405422034137e+00 4.426806459412763850e+00
1.086732217137548334e-01 2.982790635294177428e-01 2.152167585028684771e-01 1.001053405422034137e+00 4.389676906318690008e+00
1.086732217137548334e-01 2.982790635294177428e-01 2.152167585028684771e-01 1.001053405422034137e+00 4.389676906318690008e+00
4.656272715368948156e-01 3.963506374842499236e-01 3.427515471781537593e-01 1.015918129489344013e+00 6.888654935229395093e+00
1.057387350520368613e-01 2.970255313300824151e-01 2.152167585028684771e-01 1.001053405422034137e+00 4.334565675298637011e+00
1.057387350520368613e-01 2.989078120842567632e-01 2.152167585028684771e-01 1.001053405422034137e+00 4.343702595174778303e+00
4.656272715368948156e-01 3.988623514554384131e-01 3.493090813140522499e-01 1.003163546423980979e+00 6.932309036439714411e+00
1.121605069092251328e-01 2.926795093072375176e-01 2.152167585028684771e-01 1.001053405422034137e+00 4.436137815529325401e+00
1.121605069092251328e-01 2.926795093072375176e-01 2.152167585028684771e-01 1.001053405422034137e+00 4.436137815529325401e+00
1.121605069092251328e-01 2.914495095055045226e-01 2.152167585028684771e-01 1.001053405422034137e+00 4.473660352624743375e+00
4.656272715368948156e-01 3.792059747728055985e-01 3.515226881985233920e-01 1.003163546423980979e+00 6.932309036439714411e+00
1.121605069092251328e-01 2.926795093072375176e-01 2.152167585028684771e-01 1.001053405422034137e+00 4.464250068357038970e+00
4.656272715368948156e-01 3.840273362759855647e-01 3.582480320996159207e-01 1.003163546423980979e+00 6.674473446269364452e+00
4.656272715368948156e-01 3.840273362759855647e-01 3.582480320996159207e-01 1.003163546423980979e+00 6.674473446269364452e+00
4.656272715368948156e-01 3.840273362759855647e-01 3.582480320996159207e-01 1.003163546423980979e+00 6.632442986026267917e+00
4.656272715368948156e-01 3.864609562443173107e-01 3.582480320996159207e-01 1.003163546423980979e+00 6.674473446269364452e+00
4.656272715368948156e-01 3.864609562443173107e-01 3.582480320996159207e-01 1.003163546423980979e+00 6.674473446269364452e+00
4.656272715368948156e-01 3.816090412869423409e-01 3.559920744137322624e-01 1.003163546423980979e+00 6.802169696872457649e+00
4.656272715368948156e-01 3.816090412869423409e-01 3.559920744137322624e-01 1.003163546423980979e+00 6.802169696872457649e+00
4.656272715368948156e-01 3.840273362759855647e-01 3.515226881985233920e-01 1.003163546423980979e+00 6.888654935229395093e+00
4.656272715368948156e-01 3.840273362759855647e-01 3.537503229331159793e-01 1.003163546423980979e+00 6.932309036439714411e+00
4.656272715368948156e-01 3.816090412869423409e-01 3.537503229331159793e-01 1.003163546423980979e+00 6.888654935229395093e+00
4.656272715368948156e-01 3.889099983078772027e-01 3.515226881985233920e-01 1.003163546423980979e+00 6.845275732403202085e+00
4.656272715368948156e-01 3.913745601980384015e-01 3.449235983073213885e-01 1.003163546423980979e+00 6.976239778092964805e+00
4.656272715368948156e-01 3.913745601980384015e-01 3.471094139435971782e-01 1.003163546423980979e+00 6.976239778092964805e+00
4.656272715368948156e-01 3.864609562443173107e-01 3.471094139435971782e-01 1.003163546423980979e+00 6.976239778092964805e+00
4.656272715368948156e-01 3.864609562443173107e-01 3.471094139435971782e-01 1.003163546423980979e+00 6.976239778092964805e+00
4.656272715368948156e-01 3.864609562443173107e-01 3.493090813140522499e-01 1.003163546423980979e+00 6.976239778092964805e+00
4.656272715368948156e-01 3.889099983078772027e-01 3.515226881985233920e-01 1.003163546423980979e+00 6.802169696872457649e+00
4.656272715368948156e-01 3.889099983078772027e-01 3.515226881985233920e-01 1.003163546423980979e+00 6.802169696872457649e+00
4.656272715368948156e-01 3.913745601980384015e-01 3.493090813140522499e-01 1.003163546423980979e+00 6.802169696872457649e+00
4.656272715368948156e-01 3.913745601980384015e-01 3.493090813140522499e-01 1.003163546423980979e+00 6.802169696872457649e+00
4.656272715368948156e-01 3.913745601980384015e-01 3.493090813140522499e-01 1.003163546423980979e+00 6.845275732403202085e+00
4.656272715368948156e-01 3.913745601980384015e-01 3.515226881985233920e-01 1.003163546423980979e+00 6.802169696872457649e+00
4.656272715368948156e-01 3.889099983078772027e-01 3.449235983073213885e-01 1.003163546423980979e+00 6.759335108449443297e+00
4.656272715368948156e-01 3.889099983078772027e-01 3.515226881985233920e-01 1.003163546423980979e+00 6.759335108449443297e+00
4.656272715368948156e-01 3.889099983078772027e-01 3.515226881985233920e-01 1.003163546423980979e+00 6.802169696872457649e+00
4.656272715368948156e-01 3.913745601980384015e-01 3.515226881985233920e-01 1.003163546423980979e+00 6.802169696872457649e+00
4.656272715368948156e-01 3.744451441864342089e-01 3.582480320996159207e-01 1.003163546423980979e+00 6.466951270432789833e+00
4.656272715368948156e-01 3.768180408369009582e-01 3.537503229331159793e-01 1.003163546423980979e+00 6.549174420837760913e+00
