2.250000000000000056e-01 2.250000000000000056e-01 2.250000000000000056e-01 2.250000000000000056e-01 2.250000000000000056e-01 3.538842162514423406e-01
3.999733272367017589e-01 3.999733272367017589e-01 3.999733272367017589e-01 3.999733272367017589e-01 3.999733272367017589e-01 3.570966368784532774e-01
5.002667276329828688e-02 5.002667276329828688e-02 5.002667276329828688e-02 5.002667276329828688e-02 5.002667276329828688e-02 3.538397804767730026e-01
5.002667276329828688e-02 3.999733272367017589e-01 5.002667276329828688e-02 3.999733272367017589e-01 5.002667276329828688e-02 3.612166134870888334e-01
3.999733272367017589e-01 5.002667276329828688e-02 3.999733272367017589e-01 5.002667276329828688e-02 3.999733272367017589e-01 3.103491396982536177e-01
3.999733272367017589e-01 5.002667276329828688e-02 5.002667276329828688e-02 3.999733272367017589e-01 3.999733272367017589e-01 3.582897882709328297e-01
3.999733272367017589e-01 3.999733272367017589e-01 3.999733272367017589e-01 5.002667276329828688e-02 5.002667276329828688e-02 3.783908527720216131e-01
5.002667276329828688e-02 3.999733272367017589e-01 5.002667276329828688e-02 5.002667276329828688e-02 3.999733272367017589e-01 3.779092105904414689e-01
5.002667276329828688e-02 5.002667276329828688e-02 3.999733272367017589e-01 3.999733272367017589e-01 5.002667276329828688e-02 2.385513144362649274e-01
5.000889092109944006e-02 5.000889092109944006e-02 3.999911090789005641e-01 3.999911090789005641e-01 3.999911090789005641e-01 2.364835728476786803e-01
3.999911090789005641e-01 5.000889092109944006e-02 3.999911090789005641e-01 3.999911090789005641e-01 5.000889092109944006e-02 3.405109027245387110e-01
3.999911090789005641e-01 3.999911090789005641e-01 5.000889092109944006e-02 5.000889092109944006e-02 5.000889092109944006e-02 3.819860031447258608e-01
5.000889092109944006e-02 3.999911090789005641e-01 3.999911090789005641e-01 5.000889092109944006e-02 3.999911090789005641e-01 3.588999455323239052e-01
5.000889092109944006e-02 5.000889092109944006e-02 3.999911090789005641e-01 5.000889092109944006e-02 5.000889092109944006e-02 2.274522266344891630e-01
5.000889092109944006e-02 5.000889092109944006e-02 5.000889092109944006e-02 3.999911090789005641e-01 3.999911090789005641e-01 3.444789520960337414e-01
5.000889092109944006e-02 3.999911090789005641e-01 3.999911090789005641e-01 3.999911090789005641e-01 5.000889092109944006e-02 3.550605169309077325e-01
3.999911090789005641e-01 5.000889092109944006e-02 5.000889092109944006e-02 5.000889092109944006e-02 3.999911090789005641e-01 3.618825029764056733e-01
3.999911090789005641e-01 5.000889092109944006e-02 5.000889092109944006e-02 3.999911090789005641e-01 5.000889092109944006e-02 3.686037879494792890e-01
3.999911090789005641e-01 3.999911090789005641e-01 5.000889092109944006e-02 3.999911090789005641e-01 3.999911090789005641e-01 3.578939918820023824e-01
5.000889092109944006e-02 5.000889092109944006e-02 3.999911090789005641e-01 5.000889092109944006e-02 3.999911090789005641e-01 2.280547740234690479e-01
3.999911090789005641e-01 5.000889092109944006e-02 3.999911090789005641e-01 5.000889092109944006e-02 5.000889092109944006e-02 3.223568677811261551e-01
5.000889092109944006e-02 3.999911090789005641e-01 3.999911090789005641e-01 5.000889092109944006e-02 5.000889092109944006e-02 3.619365700749000436e-01
5.000889092109944006e-02 3.999911090789005641e-01 3.999911090789005641e-01 3.999911090789005641e-01 3.999911090789005641e-01 3.617402731056869047e-01
3.999911090789005641e-01 3.999911090789005641e-01 3.999911090789005641e-01 5.000889092109944006e-02 3.999911090789005641e-01 3.646348959385308230e-01
3.999911090789005641e-01 3.999911090789005641e-01 2.385319819133261965e-01 3.999911090789005641e-01 5.000889092109944006e-02 3.737059706930572212e-01
3.999911090789005641e-01 5.000889092109944006e-02 3.999911090789005641e-01 3.999911090789005641e-01 3.999911090789005641e-01 3.348586152225994095e-01
5.000889092109944006e-02 5.000889092109944006e-02 5.000889092109944006e-02 3.999911090789005641e-01 5.000889092109944006e-02 3.476450315500123622e-01
5.000889092109944006e-02 5.000889092109944006e-02 5.000889092109944006e-02 5.000889092109944006e-02 3.999911090789005641e-01 3.579818424470254667e-01
3.999911090789005641e-01 5.000889092109944006e-02 5.000889092109944006e-02 5.000889092109944006e-02 5.000889092109944006e-02 3.679439043096103812e-01
5.000889092109944006e-02 3.999911090789005641e-01 5.000889092109944006e-02 3.999911090789005641e-01 3.999911090789005641e-01 3.674404954772425014e-01
3.999911090789005641e-01 3.999911090789005641e-01 5.000889092109944006e-02 5.000889092109944006e-02 3.999911090789005641e-01 3.700771289471533887e-01
5.000296364036648650e-02 3.999970363596335177e-01 5.000296364036648650e-02 5.000296364036648650e-02 5.000296364036648650e-02 3.680406685078766449e-01
1.666577757455672548e-01 5.000889092109944006e-02 3.999911090789005641e-01 2.209813036630595140e-01 2.259780013209368721e-01 2.693147340073146490e-01
2.641200528374740286e-01 2.617195041406290001e-01 3.999911090789005641e-01 3.999911090789005641e-01 5.000889092109944006e-02 3.645013484025413919e-01
5.000889092109944006e-02 1.666577757455672548e-01 2.460537011634405524e-01 3.999911090789005641e-01 2.263158563227150588e-01 3.488934964646377423e-01
5.000889092109944006e-02 1.984339277549154179e-01 2.833422242544327285e-01 5.000889092109944006e-02 2.244131992074379078e-01 3.435719841808373975e-01
2.053155006858710663e-01 5.024005486968451117e-02 2.298010973936900347e-01 2.225994513031550048e-01 3.997599451303154861e-01 3.158631009755165087e-01
2.830932784636488453e-01 2.830932784636488453e-01 5.008001828989484816e-02 3.999199817101051768e-01 5.008001828989484816e-02 3.740539936876450255e-01
2.024348422496570765e-01 5.000889092109944006e-02 2.288053142305543353e-01 2.201455570797134498e-01 5.000889092109944006e-02 3.221978966419654089e-01
5.000889092109944006e-02 2.063112838490067658e-01 3.999911090789005641e-01 2.254801097393689946e-01 3.999911090789005641e-01 3.157501633535867991e-01
5.000889092109944006e-02 2.055644464766550050e-01 3.999911090789005641e-01 2.221193415637860435e-01 5.000889092109944006e-02 3.201360640671486180e-01
3.999911090789005641e-01 1.666577757455672548e-01 2.351534318955443847e-01 5.000889092109944006e-02 2.282362952801910705e-01 3.608435567576704361e-01
2.262625107961184767e-01 2.077516130671137606e-01 3.999911090789005641e-01 5.000889092109944006e-02 3.999911090789005641e-01 3.473376748108449874e-01
3.999911090789005641e-01 3.999911090789005641e-01 3.999911090789005641e-01 2.573985164863080710e-01 1.926014835136920511e-01 3.619129277074575324e-01
2.226527968297515869e-01 5.002667276329828688e-02 5.002667276329828688e-02 2.233996342021033477e-01 2.257468373723517940e-01 3.490761151142069418e-01
3.999911090789005641e-01 3.999911090789005641e-01 5.000889092109944006e-02 2.689211502311640301e-01 1.841195447848397171e-01 3.634568180036107932e-01
3.999911090789005641e-01 1.666577757455672548e-01 2.279695676472082710e-01 3.999911090789005641e-01 2.382652542803434526e-01 3.548474616019051120e-01
2.228483970939389436e-01 2.091030330742265075e-01 3.999911090789005641e-01 3.999911090789005641e-01 3.999911090789005641e-01 3.541807637422058619e-01
3.999970363596335177e-01 2.215858862978204447e-01 5.000296364036648650e-02 2.262980744805161981e-01 3.999970363596335177e-01 3.571470413630562502e-01
2.228424698132059900e-01 2.055585191959220515e-01 3.999970363596335177e-01 5.000296364036648650e-02 5.000296364036648650e-02 3.610458107058999722e-01
2.250000000000000333e-01 3.978395061728395299e-01 2.250000000000000333e-01 2.250000000000000333e-01 3.935185185185184897e-01 3.573005054723987772e-01
5.000889092109944006e-02 2.444533353655439223e-01 5.000889092109944006e-02 2.234174160443022084e-01 2.314903724025809129e-01 3.571237843846993276e-01
2.300856068688716394e-01 2.444533353655439223e-01 5.000889092109944006e-02 5.000889092109944006e-02 2.329840471472844343e-01 3.595122048792473990e-01
2.178931904011922605e-01 2.233996342021033477e-01 5.000296364036648650e-02 3.999970363596335177e-01 3.999970363596335177e-01 3.572430666159759904e-01
3.999970363596335177e-01 2.141945672238310672e-01 3.999970363596335177e-01 2.243065081542447992e-01 3.999970363596335177e-01 3.588647426917395689e-01
1.925896289522261440e-01 3.999970363596335177e-01 2.156348964419380621e-01 2.027608426899693561e-01 5.000296364036648650e-02 3.716354275828787634e-01
3.999199817101051768e-01 2.134773662551440188e-01 2.184385002286237110e-01 2.149176954732510691e-01 5.008001828989484816e-02 3.679628178949845840e-01
5.000296364036648650e-02 3.999970363596335177e-01 3.999970363596335177e-01 2.258535284255449027e-01 2.254208369320394589e-01 3.563024264722314260e-01
3.999970363596335177e-01 5.000296364036648650e-02 3.999970363596335177e-01 2.215977408592863518e-01 2.159490423207844345e-01 3.266809954076901334e-01
2.026719334789751081e-01 3.999970363596335177e-01 1.666637030263001806e-01 3.999970363596335177e-01 2.314429541567173398e-01 3.547298323406005149e-01
2.046753543667124142e-01 5.000296364036648650e-02 2.441214076444986336e-01 5.000296364036648650e-02 2.233581432369726727e-01 3.192898584557921082e-01
2.341280123287438619e-01 3.999970363596335177e-01 2.833362969736997750e-01 5.000296364036648650e-02 2.264996020254365083e-01 3.611693840538953704e-01
2.157356602143982172e-01 5.000296364036648650e-02 3.999970363596335177e-01 3.999970363596335177e-01 2.162691154803637605e-01 2.996594163180607007e-01
5.000296364036648650e-02 5.000296364036648650e-02 2.293802604616505536e-01 2.171641348710393049e-01 2.214021405950989951e-01 2.774672988443634969e-01
2.303226980981897265e-01 3.999970363596335177e-01 3.999970363596335177e-01 3.999970363596335177e-01 2.235715253433589456e-01 3.553107056268224317e-01
5.000296364036648650e-02 2.185214821588850054e-01 2.055525919151890979e-01 5.000296364036648650e-02 3.999970363596335177e-01 3.538138079498022170e-01
2.012375315416010668e-01 2.136907483615302916e-01 5.000296364036648650e-02 1.666637030263001806e-01 5.000296364036648650e-02 3.670842915938790085e-01
3.999970363596335177e-01 5.000296364036648650e-02 2.246502904367559394e-01 2.202996663787701870e-01 3.999970363596335177e-01 3.523485581620624529e-01
5.000296364036648650e-02 2.150362410879100850e-01 2.055525919151890979e-01 5.000296364036648650e-02 5.000296364036648650e-02 3.610254992188711709e-01
2.128550017781842274e-01 5.000296364036648650e-02 1.613528594895764501e-01 3.999970363596335177e-01 2.271338210638622623e-01 3.539495661901925772e-01
1.969165438872800822e-01 3.999970363596335177e-01 5.000296364036648650e-02 2.138744940642517411e-01 2.833362969736997750e-01 3.547722975061478601e-01
3.999970363596335177e-01 2.444474080848109687e-01 3.999970363596335177e-01 5.000296364036648650e-02 2.188830462835950064e-01 3.699469793394845052e-01
2.401204931497569750e-01 3.999970363596335177e-01 3.999970363596335177e-01 2.314785178411150612e-01 5.000296364036648650e-02 3.720465086646879138e-01
2.274835306271063562e-01 3.999970363596335177e-01 3.999970363596335177e-01 2.211235584006503441e-01 3.999970363596335177e-01 3.579626155972140400e-01
3.999970363596335177e-01 2.378621991905028321e-01 3.999970363596335177e-01 3.999970363596335177e-01 2.055585191959220515e-01 3.567524319398974741e-01
2.055585191959220515e-01 5.000296364036648650e-02 3.999970363596335177e-01 2.833362969736997750e-01 5.000296364036648650e-02 2.892356221907953495e-01
5.000296364036648650e-02 2.246147267523582181e-01 2.055525919151890979e-01 3.999970363596335177e-01 5.000296364036648650e-02 3.482953252991558002e-01
3.999970363596335177e-01 5.000296364036648650e-02 5.000296364036648650e-02 2.246562177174888930e-01 2.055525919151890979e-01 3.502345630521944697e-01
5.000296364036648650e-02 3.999970363596335177e-01 1.894303883215634476e-01 1.922577012311808553e-01 2.396640925333197170e-01 3.633158512572372545e-01
5.000296364036648650e-02 2.084984504394655214e-01 3.999970363596335177e-01 3.999970363596335177e-01 2.055525919151890979e-01 3.415744429356514233e-01
5.000296364036648650e-02 2.055525919151890979e-01 5.000296364036648650e-02 2.259068739521414293e-01 3.999970363596335177e-01 3.582439056849948122e-01
3.999970363596335177e-01 2.487683957391319534e-01 2.194757743568900854e-01 5.000296364036648650e-02 3.999970363596335177e-01 3.595648035327077552e-01
3.999970363596335177e-01 2.368308523429694112e-01 5.000296364036648650e-02 3.999970363596335177e-01 2.229076699012684792e-01 3.648393491500359076e-01
5.000296364036648650e-02 5.000296364036648650e-02 3.999970363596335177e-01 2.225105420921607569e-01 3.999970363596335177e-01 2.322378076191578544e-01
3.999970363596335177e-01 1.666637030263001806e-01 3.999970363596335177e-01 2.199558840962590467e-01 5.000296364036648650e-02 3.580251964024521727e-01
3.999970363596335177e-01 2.833362969736997750e-01 2.204834120814916365e-01 3.999970363596335177e-01 3.999970363596335177e-01 3.563324177906185275e-01
5.000296364036648650e-02 2.833362969736997750e-01 2.238560348185405502e-01 3.999970363596335177e-01 3.999970363596335177e-01 3.583896056103000882e-01
3.999970363596335177e-01 3.999970363596335177e-01 2.115391454554692019e-01 1.666696303070331620e-01 2.804556385374858407e-01 3.593798420654480408e-01
2.228424698132059900e-01 1.666637030263001806e-01 5.000296364036648650e-02 5.000296364036648650e-02 3.999970363596335177e-01 3.594571408723564732e-01
5.000296364036648650e-02 5.000296364036648650e-02 2.449275178241799300e-01 3.999970363596335177e-01 3.999970363596335177e-01 2.877832873683116022e-01
5.000296364036648650e-02 5.000296364036648650e-02 3.999970363596335177e-01 2.170752256600450569e-01 5.000296364036648650e-02 2.275439918260260819e-01
3.999970363596335177e-01 2.833362969736997750e-01 2.270804755372656802e-01 5.000296364036648650e-02 5.000296364036648650e-02 3.727257156163197860e-01
5.000296364036648650e-02 5.000296364036648650e-02 5.000296364036648650e-02 5.000296364036648650e-02 2.244013446459720007e-01 3.564868528347199805e-01
5.000296364036648650e-02 5.000296364036648650e-02 3.999970363596335177e-01 5.000296364036648650e-02 2.833362969736997750e-01 2.278221838235037489e-01
5.000296364036648650e-02 5.000296364036648650e-02 2.833362969736997750e-01 3.324853088113262078e-01 5.000296364036648650e-02 2.692942419343669069e-01
5.000296364036648650e-02 5.000296364036648650e-02 2.833362969736997750e-01 5.000296364036648650e-02 3.999970363596335177e-01 2.400997753478116004e-01
2.055525919151890979e-01 5.000296364036648650e-02 3.999970363596335177e-01 5.000296364036648650e-02 3.999970363596335177e-01 2.734289126591796237e-01
3.999970363596335177e-01 3.999970363596335177e-01 2.314844451218479593e-01 3.999970363596335177e-01 2.574044437670410246e-01 3.593945739851088228e-01
2.317274636318989445e-01 5.000296364036648650e-02 1.666637030263001806e-01 3.999970363596335177e-01 5.000296364036648650e-02 3.604571746986482972e-01
5.000296364036648650e-02 5.000296364036648650e-02 2.833362969736997750e-01 5.000296364036648650e-02 5.000296364036648650e-02 2.440032550251735322e-01
