2.250000000000000056e-01 2.250000000000000056e-01 2.250000000000000056e-01 2.250000000000000056e-01 2.250000000000000056e-01 2.250000000000000056e-01 2.250000000000000056e-01 3.538842162514463374e-01
3.999199817101051768e-01 3.999199817101051768e-01 3.999199817101051768e-01 3.999199817101051768e-01 3.999199817101051768e-01 3.999199817101051768e-01 3.999199817101051768e-01 3.570962350239862415e-01
5.008001828989484816e-02 5.008001828989484816e-02 5.008001828989484816e-02 5.008001828989484816e-02 5.008001828989484816e-02 5.008001828989484816e-02 5.008001828989484816e-02 3.538359464952777200e-01
5.008001828989484816e-02 3.999199817101051768e-01 5.008001828989484816e-02 3.999199817101051768e-01 5.008001828989484816e-02 3.999199817101051768e-01 5.008001828989484816e-02 3.718563704604736508e-01
3.999199817101051768e-01 5.008001828989484816e-02 3.999199817101051768e-01 5.008001828989484816e-02 3.999199817101051768e-01 5.008001828989484816e-02 3.999199817101051768e-01 3.231394830521279737e-01
3.999199817101051768e-01 5.008001828989484816e-02 5.008001828989484816e-02 3.999199817101051768e-01 3.999199817101051768e-01 5.008001828989484816e-02 5.008001828989484816e-02 3.956137569435639878e-01
5.008001828989484816e-02 3.999199817101051768e-01 3.999199817101051768e-01 5.008001828989484816e-02 5.008001828989484816e-02 5.008001828989484816e-02 3.999199817101051768e-01 3.661090665027883495e-01
3.999199817101051768e-01 5.008001828989484816e-02 3.999199817101051768e-01 5.008001828989484816e-02 5.008001828989484816e-02 3.999199817101051768e-01 5.008001828989484816e-02 3.121821503576309165e-01
5.008001828989484816e-02 5.008001828989484816e-02 5.008001828989484816e-02 5.008001828989484816e-02 3.999199817101051768e-01 3.999199817101051768e-01 3.999199817101051768e-01 3.523453147026091581e-01
3.999199817101051768e-01 3.999199817101051768e-01 5.008001828989484816e-02 5.008001828989484816e-02 5.008001828989484816e-02 3.999199817101051768e-01 3.999199817101051768e-01 3.633604070192921198e-01
5.008001828989484816e-02 5.008001828989484816e-02 3.999199817101051768e-01 3.999199817101051768e-01 3.999199817101051768e-01 3.999199817101051768e-01 5.008001828989484816e-02 2.612712253629378423e-01
3.999199817101051768e-01 3.999199817101051768e-01 3.999199817101051768e-01 3.999199817101051768e-01 5.008001828989484816e-02 5.008001828989484816e-02 5.008001828989484816e-02 3.763169027655804411e-01
5.008001828989484816e-02 3.999199817101051768e-01 5.008001828989484816e-02 3.999199817101051768e-01 3.999199817101051768e-01 5.008001828989484816e-02 3.999199817101051768e-01 3.786590330575868579e-01
5.008001828989484816e-02 5.008001828989484816e-02 3.999199817101051768e-01 3.999199817101051768e-01 5.008001828989484816e-02 3.999199817101051768e-01 3.999199817101051768e-01 2.704779779964117115e-01
5.008001828989484816e-02 3.999199817101051768e-01 3.999199817101051768e-01 5.008001828989484816e-02 3.999199817101051768e-01 3.999199817101051768e-01 5.008001828989484816e-02 3.482981893343941038e-01
3.999199817101051768e-01 3.999199817101051768e-01 5.008001828989484816e-02 5.008001828989484816e-02 3.999199817101051768e-01 5.008001828989484816e-02 5.008001828989484816e-02 3.820919269465752333e-01
3.999199817101051768e-01 5.008001828989484816e-02 5.008001828989484816e-02 3.999199817101051768e-01 5.008001828989484816e-02 5.008001828989484816e-02 3.999199817101051768e-01 3.799228276797985138e-01
5.002667276329828688e-02 5.002667276329828688e-02 3.999733272367017589e-01 3.999733272367017589e-01 3.999733272367017589e-01 5.002667276329828688e-02 3.999733272367017589e-01 2.666399068222918833e-01
3.999733272367017589e-01 5.002667276329828688e-02 5.002667276329828688e-02 5.002667276329828688e-02 3.999733272367017589e-01 3.999733272367017589e-01 5.002667276329828688e-02 3.662307048878379878e-01
5.002667276329828688e-02 5.002667276329828688e-02 3.999733272367017589e-01 3.999733272367017589e-01 5.002667276329828688e-02 5.002667276329828688e-02 5.002667276329828688e-02 2.633672883575247647e-01
3.999733272367017589e-01 5.002667276329828688e-02 5.002667276329828688e-02 3.999733272367017589e-01 3.999733272367017589e-01 3.999733272367017589e-01 3.999733272367017589e-01 3.811781560932184787e-01
5.002667276329828688e-02 3.999733272367017589e-01 3.999733272367017589e-01 3.999733272367017589e-01 3.999733272367017589e-01 5.002667276329828688e-02 5.002667276329828688e-02 3.667062158183881371e-01
3.805555555555555913e-01 6.944444444444446141e-02 6.944444444444446141e-02 3.935185185185184897e-01 5.648148148148149361e-02 3.935185185185184897e-01 6.944444444444446141e-02 3.908852193421459842e-01
5.002667276329828688e-02 5.002667276329828688e-02 3.999733272367017589e-01 5.002667276329828688e-02 5.002667276329828688e-02 3.999733272367017589e-01 3.999733272367017589e-01 2.609369606364748129e-01
3.999733272367017589e-01 3.999733272367017589e-01 3.999733272367017589e-01 5.002667276329828688e-02 3.999733272367017589e-01 5.002667276329828688e-02 3.999733272367017589e-01 3.814162515279650445e-01
5.002667276329828688e-02 5.002667276329828688e-02 3.999733272367017589e-01 5.002667276329828688e-02 3.999733272367017589e-01 5.002667276329828688e-02 5.002667276329828688e-02 2.711823823909994546e-01
5.002667276329828688e-02 3.999733272367017589e-01 3.999733272367017589e-01 3.999733272367017589e-01 5.002667276329828688e-02 3.999733272367017589e-01 3.999733272367017589e-01 3.676032756014671610e-01
3.999733272367017589e-01 5.002667276329828688e-02 3.999733272367017589e-01 5.002667276329828688e-02 5.002667276329828688e-02 5.002667276329828688e-02 3.999733272367017589e-01 3.172187451762381594e-01
5.002667276329828688e-02 3.999733272367017589e-01 5.002667276329828688e-02 5.002667276329828688e-02 5.002667276329828688e-02 5.002667276329828688e-02 5.002667276329828688e-02 3.662174526493588989e-01
3.999733272367017589e-01 3.999733272367017589e-01 3.999733272367017589e-01 5.002667276329828688e-02 5.002667276329828688e-02 3.999733272367017589e-01 5.002667276329828688e-02 3.811224926109571531e-01
5.002667276329828688e-02 5.002667276329828688e-02 5.002667276329828688e-02 5.002667276329828688e-02 5.002667276329828688e-02 5.002667276329828688e-02 3.999733272367017589e-01 3.602979299187319406e-01
5.002667276329828688e-02 3.999733272367017589e-01 5.002667276329828688e-02 5.002667276329828688e-02 3.999733272367017589e-01 3.999733272367017589e-01 3.999733272367017589e-01 3.721612888047362011e-01
3.999733272367017589e-01 3.999733272367017589e-01 5.002667276329828688e-02 3.999733272367017589e-01 5.002667276329828688e-02 5.002667276329828688e-02 3.999733272367017589e-01 3.703797018370657557e-01
3.999733272367017589e-01 5.002667276329828688e-02 3.999733272367017589e-01 3.999733272367017589e-01 3.999733272367017589e-01 3.999733272367017589e-01 5.002667276329828688e-02 3.355656451132951745e-01
5.002667276329828688e-02 5.002667276329828688e-02 5.002667276329828688e-02 3.999733272367017589e-01 3.999733272367017589e-01 3.999733272367017589e-01 5.002667276329828688e-02 3.712580295484891324e-01
3.999733272367017589e-01 5.002667276329828688e-02 3.999733272367017589e-01 3.999733272367017589e-01 5.002667276329828688e-02 3.999733272367017589e-01 3.999733272367017589e-01 3.204201050176237464e-01
5.002667276329828688e-02 5.002667276329828688e-02 5.002667276329828688e-02 3.999733272367017589e-01 5.002667276329828688e-02 3.999733272367017589e-01 3.999733272367017589e-01 3.829663685852013333e-01
3.999733272367017589e-01 5.002667276329828688e-02 3.999733272367017589e-01 5.002667276329828688e-02 5.002667276329828688e-02 5.002667276329828688e-02 5.002667276329828688e-02 3.107149573275190813e-01
3.999199817101051768e-01 3.999199817101051768e-01 5.008001828989484816e-02 3.999199817101051768e-01 3.999199817101051768e-01 3.999199817101051768e-01 5.008001828989484816e-02 3.793118485865875078e-01
3.999733272367017589e-01 5.002667276329828688e-02 3.999733272367017589e-01 5.002667276329828688e-02 3.999733272367017589e-01 3.999733272367017589e-01 3.999733272367017589e-01 3.090133457463686839e-01
5.002667276329828688e-02 5.002667276329828688e-02 3.999733272367017589e-01 5.002667276329828688e-02 5.002667276329828688e-02 3.999733272367017589e-01 5.002667276329828688e-02 2.583299513882998943e-01
3.999733272367017589e-01 5.002667276329828688e-02 5.002667276329828688e-02 5.002667276329828688e-02 3.999733272367017589e-01 5.002667276329828688e-02 3.999733272367017589e-01 3.835515753643608527e-01
5.000889092109944006e-02 5.000889092109944006e-02 5.000889092109944006e-02 5.000889092109944006e-02 3.999911090789005641e-01 5.000889092109944006e-02 5.000889092109944006e-02 3.657401724369823137e-01
5.000889092109944006e-02 3.999911090789005641e-01 3.999911090789005641e-01 5.000889092109944006e-02 3.999911090789005641e-01 3.999911090789005641e-01 3.999911090789005641e-01 3.569301095296305015e-01
3.999911090789005641e-01 5.000889092109944006e-02 3.999911090789005641e-01 3.999911090789005641e-01 3.999911090789005641e-01 5.000889092109944006e-02 3.999911090789005641e-01 3.346814788294334431e-01
5.000889092109944006e-02 3.999911090789005641e-01 3.999911090789005641e-01 3.999911090789005641e-01 5.000889092109944006e-02 5.000889092109944006e-02 3.999911090789005641e-01 3.706425200436858081e-01
5.000889092109944006e-02 3.999911090789005641e-01 5.000889092109944006e-02 5.000889092109944006e-02 5.000889092109944006e-02 3.999911090789005641e-01 5.000889092109944006e-02 3.666645825089159261e-01
3.999911090789005641e-01 3.999911090789005641e-01 3.999911090789005641e-01 5.000889092109944006e-02 3.999911090789005641e-01 5.000889092109944006e-02 5.000889092109944006e-02 3.865420641640465171e-01
3.997599451303154861e-01 5.008001828989484816e-02 5.024005486968451117e-02 5.008001828989484816e-02 5.024005486968451117e-02 3.997599451303154861e-01 3.997599451303154861e-01 3.617282627495854719e-01
5.216049382716050897e-02 5.216049382716050897e-02 5.072016460905350715e-02 3.992798353909465248e-01 5.216049382716050897e-02 5.216049382716050897e-02 5.216049382716050897e-02 3.792124090234565981e-01
5.000889092109944006e-02 5.000889092109944006e-02 3.999911090789005641e-01 3.999911090789005641e-01 3.999911090789005641e-01 3.999911090789005641e-01 3.999911090789005641e-01 2.641234624962628397e-01
5.000889092109944006e-02 3.999911090789005641e-01 3.999911090789005641e-01 3.999911090789005641e-01 5.000889092109944006e-02 3.999911090789005641e-01 5.000889092109944006e-02 3.612774060730399861e-01
5.000889092109944006e-02 5.000889092109944006e-02 3.999911090789005641e-01 5.000889092109944006e-02 3.999911090789005641e-01 5.000889092109944006e-02 3.999911090789005641e-01 2.786508980496277821e-01
3.999733272367017589e-01 3.999199817101051768e-01 5.002667276329828688e-02 5.008001828989484816e-02 5.002667276329828688e-02 5.002667276329828688e-02 5.008001828989484816e-02 3.777700417044934089e-01
5.002667276329828688e-02 3.999733272367017589e-01 5.002667276329828688e-02 5.002667276329828688e-02 3.999733272367017589e-01 5.002667276329828688e-02 3.999733272367017589e-01 3.822417019839012275e-01
5.002667276329828688e-02 3.999733272367017589e-01 5.002667276329828688e-02 3.999733272367017589e-01 3.999733272367017589e-01 3.999733272367017589e-01 3.999733272367017589e-01 3.722406933888066649e-01
3.999911090789005641e-01 5.000889092109944006e-02 3.999911090789005641e-01 3.999911090789005641e-01 5.000889092109944006e-02 5.000889092109944006e-02 5.000889092109944006e-02 3.274995446993814174e-01
3.999733272367017589e-01 3.999733272367017589e-01 3.999733272367017589e-01 5.002667276329828688e-02 5.002667276329828688e-02 3.999733272367017589e-01 3.999733272367017589e-01 3.698720492557941997e-01
5.002667276329828688e-02 3.999733272367017589e-01 5.002667276329828688e-02 3.999733272367017589e-01 3.999733272367017589e-01 5.002667276329828688e-02 5.002667276329828688e-02 3.733639222621664699e-01
5.002667276329828688e-02 3.999733272367017589e-01 3.999733272367017589e-01 5.002667276329828688e-02 5.002667276329828688e-02 5.002667276329828688e-02 5.002667276329828688e-02 3.509560082010644844e-01
3.999733272367017589e-01 3.999733272367017589e-01 5.002667276329828688e-02 3.999733272367017589e-01 3.999733272367017589e-01 5.002667276329828688e-02 3.999733272367017589e-01 3.738267050042398676e-01
5.072016460905350715e-02 5.072016460905350715e-02 5.072016460905350715e-02 3.992798353909465248e-01 3.992798353909465248e-01 5.072016460905350715e-02 3.992798353909465248e-01 3.799398175096705410e-01
3.999733272367017589e-01 3.999733272367017589e-01 5.002667276329828688e-02 5.002667276329828688e-02 3.999733272367017589e-01 3.999733272367017589e-01 3.999733272367017589e-01 3.650758892830537894e-01
3.992798353909465248e-01 3.992798353909465248e-01 5.072016460905350715e-02 3.997599451303154861e-01 5.072016460905350715e-02 3.997599451303154861e-01 3.992798353909465248e-01 3.677826373349633027e-01
5.000889092109944006e-02 5.000889092109944006e-02 3.999911090789005641e-01 3.999911090789005641e-01 5.000889092109944006e-02 5.000889092109944006e-02 3.999911090789005641e-01 2.675750891835916301e-01
5.000889092109944006e-02 5.000889092109944006e-02 3.999911090789005641e-01 5.000889092109944006e-02 3.999911090789005641e-01 3.999911090789005641e-01 5.000889092109944006e-02 2.633162664325531810e-01
3.999911090789005641e-01 5.000889092109944006e-02 3.999911090789005641e-01 2.070047756947619999e-01 3.999911090789005641e-01 5.000889092109944006e-02 5.000889092109944006e-02 3.193277676217702310e-01
3.999911090789005641e-01 3.999911090789005641e-01 3.999911090789005641e-01 3.999911090789005641e-01 3.999911090789005641e-01 3.999911090789005641e-01 5.000889092109944006e-02 3.715751011191902875e-01
5.000889092109944006e-02 5.000889092109944006e-02 5.000889092109944006e-02 5.000889092109944006e-02 5.000889092109944006e-02 3.999911090789005641e-01 5.000889092109944006e-02 3.570742538352486561e-01
5.002667276329828688e-02 3.999733272367017589e-01 5.002667276329828688e-02 5.002667276329828688e-02 5.002667276329828688e-02 3.999733272367017589e-01 3.999733272367017589e-01 3.731709592184737634e-01
3.999733272367017589e-01 3.999733272367017589e-01 3.999733272367017589e-01 3.999733272367017589e-01 5.002667276329828688e-02 5.002667276329828688e-02 3.999733272367017589e-01 3.626707251832473888e-01
3.999733272367017589e-01 5.002667276329828688e-02 5.002667276329828688e-02 5.002667276329828688e-02 5.002667276329828688e-02 5.002667276329828688e-02 5.002667276329828688e-02 3.669217567661120505e-01
5.002667276329828688e-02 3.999733272367017589e-01 5.002667276329828688e-02 5.002667276329828688e-02 3.999733272367017589e-01 3.999733272367017589e-01 5.002667276329828688e-02 3.666814630096787431e-01
5.008001828989484816e-02 3.997599451303154861e-01 5.024005486968451117e-02 3.997599451303154861e-01 5.008001828989484816e-02 5.024005486968451117e-02 3.997599451303154861e-01 3.782358104076897765e-01
3.978395061728395299e-01 3.978395061728395299e-01 5.216049382716050897e-02 5.216049382716050897e-02 5.216049382716050897e-02 5.216049382716050897e-02 3.978395061728395299e-01 3.649205237848486827e-01
3.978395061728395299e-01 3.978395061728395299e-01 5.216049382716050897e-02 3.992798353909465248e-01 5.216049382716050897e-02 5.216049382716050897e-02 5.216049382716050897e-02 3.843011222966208340e-01
5.000889092109944006e-02 5.000889092109944006e-02 3.999911090789005641e-01 5.000889092109944006e-02 5.000889092109944006e-02 5.000889092109944006e-02 2.165536249555454207e-01 2.616470968280534271e-01
5.000889092109944006e-02 3.999911090789005641e-01 3.999911090789005641e-01 3.999911090789005641e-01 3.999911090789005641e-01 5.000889092109944006e-02 3.999911090789005641e-01 3.739762393431934617e-01
5.000889092109944006e-02 5.000889092109944006e-02 3.999911090789005641e-01 3.999911090789005641e-01 5.000889092109944006e-02 3.999911090789005641e-01 5.000889092109944006e-02 2.677392293024950520e-01
5.000889092109944006e-02 5.000889092109944006e-02 3.999911090789005641e-01 3.999911090789005641e-01 3.999911090789005641e-01 5.000889092109944006e-02 5.000889092109944006e-02 2.677859674204681184e-01
3.999911090789005641e-01 1.666577757455672548e-01 3.999911090789005641e-01 5.000889092109944006e-02 3.999911090789005641e-01 3.999911090789005641e-01 5.000889092109944006e-02 3.417504475705818168e-01
3.999911090789005641e-01 2.833244424122339233e-01 3.999911090789005641e-01 3.999911090789005641e-01 5.000889092109944006e-02 3.999911090789005641e-01 5.000889092109944006e-02 3.681494336805951617e-01
5.000889092109944006e-02 3.999911090789005641e-01 3.999911090789005641e-01 3.999911090789005641e-01 3.999911090789005641e-01 3.999911090789005641e-01 1.863600569018950548e-01 3.617588536540087829e-01
3.999911090789005641e-01 3.999911090789005641e-01 5.000889092109944006e-02 5.000889092109944006e-02 5.000889092109944006e-02 3.999911090789005641e-01 5.000889092109944006e-02 3.791466677334086044e-01
5.024005486968451117e-02 3.997599451303154861e-01 3.992798353909465248e-01 5.024005486968451117e-02 3.997599451303154861e-01 5.024005486968451117e-02 1.846707818930041212e-01 3.661428181174966601e-01
5.000889092109944006e-02 3.999911090789005641e-01 3.999911090789005641e-01 5.000889092109944006e-02 5.000889092109944006e-02 3.999911090789005641e-01 2.194876289183559925e-01 3.711803804382275418e-01
3.999911090789005641e-01 3.999911090789005641e-01 3.999911090789005641e-01 3.999911090789005641e-01 3.999911090789005641e-01 5.000889092109944006e-02 5.000889092109944006e-02 3.789623366176946284e-01
5.000889092109944006e-02 5.000889092109944006e-02 3.999911090789005641e-01 5.000889092109944006e-02 3.999911090789005641e-01 3.999911090789005641e-01 3.999911090789005641e-01 2.670605548884142921e-01
5.000889092109944006e-02 3.999911090789005641e-01 2.414304221917390469e-01 3.999911090789005641e-01 5.000889092109944006e-02 5.000889092109944006e-02 5.000889092109944006e-02 3.663806039167100681e-01
3.999911090789005641e-01 3.999911090789005641e-01 3.999911090789005641e-01 5.000889092109944006e-02 5.000889092109944006e-02 5.000889092109944006e-02 2.237552710460803951e-01 3.640439996507081610e-01
3.935185185185184897e-01 5.216049382716050897e-02 3.978395061728395299e-01 5.648148148148149361e-02 5.648148148148149361e-02 3.935185185185184897e-01 3.935185185185184897e-01 3.130370453060633551e-01
1.666399939033684219e-01 5.002667276329828688e-02 3.999733272367017589e-01 2.099032159731748504e-01 2.056889193720469744e-01 2.193987197073616890e-01 5.002667276329828688e-02 2.809362588128331839e-01
1.666399939033684219e-01 5.002667276329828688e-02 3.999733272367017589e-01 2.183318091754306023e-01 2.105967078189300845e-01 2.123571101966164054e-01 3.999733272367017589e-01 2.840216319404123002e-01
3.999911090789005641e-01 3.999911090789005641e-01 3.999911090789005641e-01 5.000889092109944006e-02 3.999911090789005641e-01 3.999911090789005641e-01 3.999911090789005641e-01 3.628058372548347843e-01
3.997599451303154861e-01 5.024005486968451117e-02 3.999199817101051768e-01 3.997599451303154861e-01 3.997599451303154861e-01 3.997599451303154861e-01 3.997599451303154861e-01 3.348041203854845715e-01
5.002667276329828688e-02 5.002667276329828688e-02 2.232929431489102390e-01 1.666399939033684219e-01 2.267070568510897721e-01 3.999733272367017589e-01 2.251600365797896686e-01 2.951879539472742620e-01
2.636577249403038170e-01 5.000889092109944006e-02 2.314725905603821077e-01 5.000889092109944006e-02 3.999911090789005641e-01 1.666577757455672548e-01 1.750863689478229790e-01 3.383300105934460844e-01
5.000889092109944006e-02 5.000889092109944006e-02 5.000889092109944006e-02 3.999911090789005641e-01 3.999911090789005641e-01 5.000889092109944006e-02 5.000889092109944006e-02 3.872658362884190963e-01
3.999911090789005641e-01 5.000889092109944006e-02 3.999911090789005641e-01 3.999911090789005641e-01 5.000889092109944006e-02 5.000889092109944006e-02 3.999911090789005641e-01 3.285490642676571205e-01
3.999911090789005641e-01 3.999911090789005641e-01 5.000889092109944006e-02 5.000889092109944006e-02 3.999911090789005641e-01 3.999911090789005641e-01 5.000889092109944006e-02 3.779553181368576764e-01
