2.250000000000000056e-01 2.250000000000000056e-01 2.250000000000000056e-01 2.250000000000000056e-01 2.250000000000000056e-01 2.250000000000000056e-01 3.538842162514423961e-01
3.999733272367017589e-01 3.999733272367017589e-01 3.999733272367017589e-01 3.999733272367017589e-01 3.999733272367017589e-01 3.999733272367017589e-01 3.570966368784541656e-01
5.002667276329828688e-02 5.002667276329828688e-02 5.002667276329828688e-02 5.002667276329828688e-02 5.002667276329828688e-02 5.002667276329828688e-02 3.538397804767819399e-01
5.002667276329828688e-02 5.002667276329828688e-02 3.999733272367017589e-01 5.002667276329828688e-02 3.999733272367017589e-01 3.999733272367017589e-01 2.396859917125812034e-01
3.999733272367017589e-01 3.999733272367017589e-01 5.002667276329828688e-02 3.999733272367017589e-01 5.002667276329828688e-02 5.002667276329828688e-02 3.758127307508602466e-01
5.002667276329828688e-02 3.999733272367017589e-01 3.999733272367017589e-01 5.002667276329828688e-02 5.002667276329828688e-02 3.999733272367017589e-01 3.630852171093220115e-01
3.999733272367017589e-01 5.002667276329828688e-02 5.002667276329828688e-02 5.002667276329828688e-02 3.999733272367017589e-01 3.999733272367017589e-01 3.584191863859415017e-01
5.002667276329828688e-02 5.002667276329828688e-02 3.999733272367017589e-01 3.999733272367017589e-01 3.999733272367017589e-01 5.002667276329828688e-02 2.406930373210219853e-01
5.002667276329828688e-02 3.999733272367017589e-01 5.002667276329828688e-02 5.002667276329828688e-02 3.999733272367017589e-01 5.002667276329828688e-02 3.702494429305810963e-01
3.999733272367017589e-01 5.002667276329828688e-02 3.999733272367017589e-01 3.999733272367017589e-01 5.002667276329828688e-02 3.999733272367017589e-01 3.260889311769381016e-01
5.002667276329828688e-02 5.002667276329828688e-02 5.002667276329828688e-02 3.999733272367017589e-01 5.002667276329828688e-02 3.999733272367017589e-01 3.794576001665243559e-01
3.999733272367017589e-01 5.002667276329828688e-02 3.999733272367017589e-01 5.002667276329828688e-02 5.002667276329828688e-02 5.002667276329828688e-02 3.078193667502205910e-01
3.999733272367017589e-01 3.999733272367017589e-01 3.999733272367017589e-01 5.002667276329828688e-02 3.999733272367017589e-01 5.002667276329828688e-02 3.691225931739967603e-01
5.002667276329828688e-02 3.999733272367017589e-01 5.002667276329828688e-02 3.999733272367017589e-01 3.999733272367017589e-01 3.999733272367017589e-01 3.632423071193881525e-01
5.002667276329828688e-02 3.999733272367017589e-01 3.999733272367017589e-01 3.999733272367017589e-01 5.002667276329828688e-02 5.002667276329828688e-02 3.673569153847358049e-01
3.999733272367017589e-01 5.002667276329828688e-02 5.002667276329828688e-02 3.999733272367017589e-01 3.999733272367017589e-01 5.002667276329828688e-02 3.771444468947438011e-01
3.999733272367017589e-01 3.999733272367017589e-01 5.002667276329828688e-02 5.002667276329828688e-02 5.002667276329828688e-02 3.999733272367017589e-01 3.680674143895114048e-01
5.002667276329828688e-02 5.002667276329828688e-02 3.999733272367017589e-01 5.002667276329828688e-02 3.999733272367017589e-01 5.002667276329828688e-02 2.382471902319747148e-01
5.000889092109944006e-02 5.000889092109944006e-02 3.999911090789005641e-01 3.999911090789005641e-01 3.999911090789005641e-01 3.999911090789005641e-01 2.431074096457316036e-01
3.999911090789005641e-01 5.000889092109944006e-02 3.999911090789005641e-01 5.000889092109944006e-02 3.999911090789005641e-01 3.999911090789005641e-01 2.979244075210413234e-01
5.000889092109944006e-02 5.000889092109944006e-02 3.999911090789005641e-01 3.999911090789005641e-01 5.000889092109944006e-02 5.000889092109944006e-02 2.571802116518479564e-01
5.002667276329828688e-02 5.002667276329828688e-02 5.002667276329828688e-02 5.002667276329828688e-02 3.999733272367017589e-01 3.999733272367017589e-01 3.551724684211631233e-01
5.000889092109944006e-02 3.999911090789005641e-01 3.999911090789005641e-01 3.999911090789005641e-01 3.999911090789005641e-01 5.000889092109944006e-02 3.556259873362714319e-01
5.002667276329828688e-02 5.002667276329828688e-02 3.999733272367017589e-01 5.002667276329828688e-02 5.002667276329828688e-02 3.999733272367017589e-01 2.429360289859419375e-01
3.999733272367017589e-01 5.002667276329828688e-02 5.002667276329828688e-02 5.002667276329828688e-02 5.002667276329828688e-02 5.002667276329828688e-02 3.672239966021180746e-01
3.999733272367017589e-01 5.002667276329828688e-02 3.999733272367017589e-01 3.999733272367017589e-01 3.999733272367017589e-01 5.002667276329828688e-02 3.279146824051399345e-01
3.999911090789005641e-01 3.999911090789005641e-01 3.999911090789005641e-01 3.999911090789005641e-01 5.000889092109944006e-02 3.999911090789005641e-01 3.687222146824974955e-01
5.000889092109944006e-02 3.999911090789005641e-01 3.999911090789005641e-01 5.000889092109944006e-02 3.999911090789005641e-01 3.999911090789005641e-01 3.538482345522994676e-01
5.000889092109944006e-02 5.000889092109944006e-02 5.000889092109944006e-02 3.999911090789005641e-01 3.999911090789005641e-01 5.000889092109944006e-02 3.559250852609277538e-01
5.000889092109944006e-02 3.999911090789005641e-01 5.000889092109944006e-02 5.000889092109944006e-02 5.000889092109944006e-02 5.000889092109944006e-02 3.705665073111597541e-01
3.999911090789005641e-01 3.999911090789005641e-01 5.000889092109944006e-02 3.999911090789005641e-01 3.999911090789005641e-01 3.999911090789005641e-01 3.546346727056705617e-01
3.999733272367017589e-01 3.999733272367017589e-01 3.999733272367017589e-01 5.002667276329828688e-02 5.002667276329828688e-02 5.002667276329828688e-02 3.758263330491219967e-01
3.999911090789005641e-01 5.000889092109944006e-02 5.000889092109944006e-02 3.999911090789005641e-01 5.000889092109944006e-02 3.999911090789005641e-01 3.885877415147396263e-01
3.999911090789005641e-01 3.999911090789005641e-01 5.000889092109944006e-02 5.000889092109944006e-02 3.999911090789005641e-01 5.000889092109944006e-02 3.853401835144014131e-01
5.000889092109944006e-02 3.999911090789005641e-01 5.000889092109944006e-02 3.999911090789005641e-01 5.000889092109944006e-02 3.999911090789005641e-01 3.735444486998782399e-01
3.999911090789005641e-01 5.000889092109944006e-02 3.999911090789005641e-01 5.000889092109944006e-02 5.000889092109944006e-02 3.999911090789005641e-01 3.100339814238676217e-01
3.999911090789005641e-01 5.000889092109944006e-02 3.999911090789005641e-01 3.999911090789005641e-01 5.000889092109944006e-02 5.000889092109944006e-02 3.375306611130292622e-01
5.000889092109944006e-02 2.070047756947619999e-01 3.999911090789005641e-01 5.000889092109944006e-02 5.000889092109944006e-02 5.000889092109944006e-02 3.327769379322172427e-01
5.000889092109944006e-02 2.157356602143982172e-01 3.999911090789005641e-01 3.999911090789005641e-01 5.000889092109944006e-02 3.999911090789005641e-01 3.546090776621110274e-01
5.000889092109944006e-02 5.000889092109944006e-02 5.000889092109944006e-02 5.000889092109944006e-02 5.000889092109944006e-02 3.999911090789005641e-01 3.583828665020094562e-01
5.000889092109944006e-02 5.000889092109944006e-02 5.000889092109944006e-02 3.999911090789005641e-01 5.000889092109944006e-02 5.000889092109944006e-02 3.851866500568320584e-01
3.999911090789005641e-01 3.999911090789005641e-01 2.357935782147030368e-01 5.000889092109944006e-02 3.999911090789005641e-01 3.999911090789005641e-01 3.594219779365714351e-01
3.999911090789005641e-01 5.000889092109944006e-02 2.185096275974190982e-01 5.000889092109944006e-02 3.999911090789005641e-01 5.000889092109944006e-02 3.224961771552599110e-01
3.999911090789005641e-01 5.000889092109944006e-02 2.151132957374384258e-01 3.999911090789005641e-01 3.999911090789005641e-01 3.999911090789005641e-01 3.475442975963135006e-01
3.999733272367017589e-01 3.999733272367017589e-01 2.340687395214143818e-01 3.999733272367017589e-01 3.999733272367017589e-01 5.002667276329828688e-02 3.749142062128175135e-01
5.000889092109944006e-02 3.999911090789005641e-01 5.000889092109944006e-02 5.000889092109944006e-02 2.573985164863080710e-01 3.999911090789005641e-01 3.804263463329350392e-01
5.000889092109944006e-02 3.999911090789005641e-01 5.000889092109944006e-02 3.999911090789005641e-01 2.833422242544327285e-01 5.000889092109944006e-02 3.551768434118376949e-01
5.000889092109944006e-02 3.999911090789005641e-01 3.999911090789005641e-01 5.000889092109944006e-02 3.999911090789005641e-01 5.000889092109944006e-02 3.433656690592946092e-01
5.072016460905350715e-02 5.024005486968451117e-02 5.072016460905350715e-02 5.024005486968451117e-02 3.997599451303154861e-01 5.072016460905350715e-02 3.521329610648310515e-01
5.000889092109944006e-02 3.999911090789005641e-01 3.999911090789005641e-01 3.999911090789005641e-01 3.999911090789005641e-01 3.999911090789005641e-01 3.636174955691259258e-01
5.000889092109944006e-02 5.000889092109944006e-02 5.000889092109944006e-02 3.999911090789005641e-01 3.999911090789005641e-01 3.999911090789005641e-01 3.599808082639854301e-01
3.999911090789005641e-01 3.999911090789005641e-01 3.999911090789005641e-01 5.000889092109944006e-02 5.000889092109944006e-02 3.999911090789005641e-01 3.625790446849870841e-01
3.999911090789005641e-01 3.999911090789005641e-01 3.999911090789005641e-01 3.999911090789005641e-01 5.000889092109944006e-02 5.000889092109944006e-02 3.798843849250041482e-01
3.999911090789005641e-01 5.000889092109944006e-02 5.000889092109944006e-02 5.000889092109944006e-02 5.000889092109944006e-02 3.999911090789005641e-01 3.618994249419786868e-01
3.999911090789005641e-01 5.000889092109944006e-02 5.000889092109944006e-02 3.999911090789005641e-01 5.000889092109944006e-02 5.000889092109944006e-02 3.923508241508583128e-01
3.999911090789005641e-01 3.999911090789005641e-01 5.000889092109944006e-02 3.999911090789005641e-01 5.000889092109944006e-02 3.999911090789005641e-01 3.700823542053763848e-01
3.999911090789005641e-01 3.999911090789005641e-01 5.000889092109944006e-02 5.000889092109944006e-02 5.000889092109944006e-02 5.000889092109944006e-02 3.781477650816478242e-01
5.000889092109944006e-02 5.000889092109944006e-02 3.999911090789005641e-01 2.227772697251435563e-01 2.098854341309759897e-01 2.247510542092160946e-01 2.408521964610407795e-01
2.509259259259259967e-01 5.216049382716050897e-02 3.992798353909465248e-01 2.206790123456790487e-01 3.992798353909465248e-01 2.250000000000000333e-01 2.866106930680025200e-01
2.328417924096936042e-01 5.000889092109944006e-02 3.999911090789005641e-01 5.000889092109944006e-02 2.386742366509170266e-01 5.000889092109944006e-02 2.742210772978861955e-01
2.314725905603821077e-01 2.185096275974190982e-01 3.999911090789005641e-01 5.000889092109944006e-02 2.426751511456586852e-01 3.999911090789005641e-01 3.335661418670231027e-01
2.295521516029060960e-01 5.000889092109944006e-02 3.999911090789005641e-01 3.999911090789005641e-01 2.372339074328100317e-01 3.999911090789005641e-01 3.052634977371954661e-01
2.012434588223340204e-01 5.000889092109944006e-02 2.559581872682010761e-01 5.000889092109944006e-02 5.000889092109944006e-02 2.185274094396179589e-01 3.079658360928790306e-01
5.000889092109944006e-02 2.192564649697708590e-01 2.305301529238429348e-01 5.000889092109944006e-02 3.999911090789005641e-01 2.353134684753340200e-01 3.379202264264282163e-01
5.000889092109944006e-02 3.999911090789005641e-01 5.000889092109944006e-02 3.999911090789005641e-01 5.000889092109944006e-02 5.000889092109944006e-02 3.653103233452127951e-01
2.519039272468628354e-01 5.000889092109944006e-02 5.000889092109944006e-02 2.165891886399430866e-01 3.999911090789005641e-01 2.207501397144744359e-01 3.543085166415686493e-01
5.000889092109944006e-02 3.999911090789005641e-01 2.214969770868261967e-01 1.666577757455672548e-01 5.000889092109944006e-02 2.365759792714525189e-01 3.676538084190515976e-01
5.000889092109944006e-02 2.179761723314535549e-01 2.291965147589291041e-01 3.999911090789005641e-01 3.999911090789005641e-01 2.136374028349337095e-01 3.532660198094267900e-01
2.387098003353147480e-01 3.999911090789005641e-01 5.000889092109944006e-02 1.744995681552608813e-01 3.999911090789005641e-01 2.833422242544327285e-01 3.590229849064437984e-01
5.000889092109944006e-02 5.000889092109944006e-02 2.314725905603821077e-01 2.207501397144744359e-01 2.252489457907839165e-01 3.999911090789005641e-01 2.813670975623115411e-01
5.000889092109944006e-02 5.000889092109944006e-02 2.314725905603821077e-01 2.185274094396179589e-01 2.258357465833460975e-01 5.000889092109944006e-02 2.776014850508875531e-01
2.312414266117969741e-01 2.256401463191586854e-01 3.999733272367017589e-01 3.999199817101051768e-01 2.486854138088706034e-01 5.008001828989484816e-02 3.630728419704900012e-01
3.999911090789005641e-01 2.833422242544327285e-01 3.999911090789005641e-01 2.185274094396179589e-01 3.999911090789005641e-01 2.314725905603821077e-01 3.549064777510410051e-01
1.902009348168470226e-01 5.000889092109944006e-02 2.573985164863080710e-01 3.999911090789005641e-01 5.000889092109944006e-02 2.357935782147030368e-01 3.362790085627594405e-01
1.796385205507290972e-01 2.674808210130570352e-01 5.000889092109944006e-02 1.666577757455672548e-01 5.000889092109944006e-02 3.999911090789005641e-01 3.561581276233065640e-01
3.999911090789005641e-01 5.000889092109944006e-02 3.999911090789005641e-01 2.185274094396179589e-01 1.666577757455672548e-01 2.260491286897322594e-01 3.172431131624776635e-01
3.999733272367017589e-01 2.184918457552202375e-01 5.002667276329828688e-02 5.002667276329828688e-02 2.545000762078952206e-01 2.264936747447035548e-01 3.592944056073021364e-01
3.999733272367017589e-01 2.420705685108976990e-01 5.002667276329828688e-02 3.999733272367017589e-01 2.833600060966315892e-01 2.112368541380887366e-01 3.543296343219834998e-01
1.797452116039222059e-01 3.999911090789005641e-01 3.999911090789005641e-01 5.000889092109944006e-02 1.839595082050500818e-01 1.666577757455672548e-01 3.565181358015780955e-01
1.760110247421633467e-01 3.999911090789005641e-01 2.833422242544327285e-01 3.999911090789005641e-01 1.745173499974597697e-01 3.999911090789005641e-01 3.604857171488781153e-01
3.999911090789005641e-01 2.201099933953157284e-01 5.000889092109944006e-02 2.278450947518163017e-01 3.999911090789005641e-01 3.999911090789005641e-01 3.489612349741959552e-01
2.241820352588528853e-01 2.229195244627343309e-01 5.000889092109944006e-02 2.235596707818930384e-01 5.000889092109944006e-02 5.000889092109944006e-02 3.690579347325897985e-01
3.999911090789005641e-01 2.174427170654880115e-01 2.362025605852766663e-01 2.233285068333079604e-01 5.000889092109944006e-02 3.999911090789005641e-01 3.608626840955499460e-01
1.868401666412640716e-01 5.000889092109944006e-02 3.999911090789005641e-01 2.070047756947619999e-01 5.000889092109944006e-02 5.000889092109944006e-02 2.750110985447292711e-01
5.000889092109944006e-02 2.065424477975918438e-01 3.999911090789005641e-01 2.225105420921607569e-01 3.999911090789005641e-01 5.000889092109944006e-02 3.185734102383968591e-01
2.318104455621602389e-01 5.000889092109944006e-02 2.245376721028298772e-01 5.000889092109944006e-02 2.833422242544327285e-01 3.999911090789005641e-01 3.244533900914767233e-01
2.703614794492710249e-01 5.000889092109944006e-02 5.000889092109944006e-02 3.999911090789005641e-01 2.703614794492710249e-01 3.999911090789005641e-01 3.736568969023398856e-01
3.999911090789005641e-01 5.000889092109944006e-02 2.055466646344561443e-01 2.351000863689478027e-01 2.110945994004979065e-01 5.000889092109944006e-02 3.366946996302969120e-01
2.444355535233450061e-01 2.703614794492710249e-01 5.000889092109944006e-02 2.833244424122339233e-01 3.999911090789005641e-01 5.000889092109944006e-02 3.627233608345248328e-01
1.666577757455672548e-01 2.142064217852969743e-01 3.999911090789005641e-01 2.429063150942437632e-01 3.999911090789005641e-01 3.999911090789005641e-01 3.331297818955526457e-01
1.882982777015698717e-01 5.000889092109944006e-02 3.999733272367017589e-01 2.357757963725041761e-01 5.000889092109944006e-02 3.999911090789005641e-01 2.795116167329615986e-01
5.000889092109944006e-02 1.666577757455672548e-01 5.000889092109944006e-02 5.000889092109944006e-02 2.067558299039780612e-01 2.158423512675913258e-01 3.500954785847072981e-01
2.833422242544327285e-01 5.000889092109944006e-02 5.000889092109944006e-02 2.206790123456790487e-01 5.000889092109944006e-02 2.358113600569018975e-01 3.711572199526622651e-01
2.137796575725245396e-01 5.000889092109944006e-02 2.364515063760605496e-01 3.999911090789005641e-01 3.999911090789005641e-01 5.000889092109944006e-02 3.225226190832203299e-01
2.703614794492710249e-01 5.000889092109944006e-02 5.000889092109944006e-02 5.000889092109944006e-02 2.703614794492710249e-01 5.000889092109944006e-02 3.649057820864354817e-01
3.999911090789005641e-01 3.999911090789005641e-01 2.207145760300767146e-01 2.254801097393689946e-01 5.000889092109944006e-02 1.666577757455672548e-01 3.686860217551425345e-01
3.999911090789005641e-01 2.055644464766550050e-01 3.999911090789005641e-01 5.000889092109944006e-02 2.444355535233450061e-01 5.000889092109944006e-02 3.442352072948430264e-01
1.972425443275923618e-01 3.999911090789005641e-01 3.999911090789005641e-01 2.833422242544327285e-01 5.000889092109944006e-02 2.646001625768429899e-01 3.628474036007862669e-01
5.024005486968451117e-02 2.144375857338820524e-01 5.008001828989484816e-02 3.997599451303154861e-01 1.995541838134430868e-01 2.370027434842249536e-01 3.583492383404430770e-01
5.000889092109944006e-02 2.444355535233450061e-01 5.000889092109944006e-02 2.055644464766550050e-01 3.999911090789005641e-01 3.999911090789005641e-01 3.572233256033154891e-01
